3963
4474
3905
2845
4470
4183
341
4348
1653
2618
3216
2093
3117
1929
3717
3782
3250
3181
3546
878
2018
3092
4336
3900
3020
4448
1739
2077
1201
4562
678
1066
3024
3671
1371
1406
1724
4265
4169
402
2955
3804
429
3489
831
1648
4909
4769
335
3353
3746
1167
3182
4818
1014
578
3512
181
877
3092
420
858
2956
1552
4720
3116
509
3671
2736
3899
1547
1806
1622
4293
3842
1206
4849
1127
641
4367
2195
565
2648
3507
2724
1682
3600
1583
4858
1843
1324
403
4469
1014
3489
2281
665
4460
1433
1392
1984
1592
4000
3199
3651
2909
4814
292
1099
1445
3774
3577
412
4986
724
484
377
1290
3784
1916
4229
1320
3138
3423
2899
2646
86
2820
4997
593
3125
4954
2098
3300
4709
1079
2657
1703
1362
3997
4558
727
897
222
4759
3653
602
1478
923
3781
3416
3549
307
3052
1877
2210
759
2760
2896
3609
1588
60
1217
1630
785
3162
763
4657
1469
3042
2247
4964
2702
3637
2550
4499
4441
4983
4033
4870
985
3933
3670
4180
1557
4869
4836
3241
2815
255
1724
1656
1472
2002
2571
3941
2475
2373
4222
3705
2979
430
2248
2783
3626
4871
123
2951
226
3838
1598
551
171
2592
4997
2032
2657
1223
4615
1804
2284
4695
108
1854
59
430
3268
1027
4720
1137
3085
746
902
4626
683
1753
1766
1596
4674
2522
2519
726
1343
1185
791
80
2942
2166
4850
1663
3355
2158
3484
2745
1015
2845
3986
2800
4721
2237
28
2867
4626
794
929
380
2560
3095
501
4839
3057
4925
2608
4387
4327
647
2244
1807
972
3369
2809
4899
3181
2701
1384
209
827
4911
4922
3226
4855
753
3842
3505
4079
215
1605
1627
2679
4086
3034
423
1686
3881
4280
1541
1205
2739
2683
3144
1897
995
908
3703
355
2009
2903
4405
1474
4983
2217
473
818
2826
4236
4606
139
3080
1184
2106
3395
937
1437
169
1267
4387
2791
3063
1884
3427
3908
2196
4050
2457
2515
4193
4357
2825
504
4898
4436
4834
2400
4161
1626
3664
574
3323
403
2584
342
1551
3293
3134
1999
2581
2341
209
4696
4915
1430
3432
4429
790
457
3311
2368
3184
2237
2852
4008
2439
3188
1406
97
1427
4588
4840
588
4608
4644
4512
1333
3009
3996
616
1938
2007
1718
1441
4401
1197
4468
3533
988
364
1854
523
2248
3723
3207
3873
2830
776
1947
177
1084
1915
385
3597
2187
529
934
1751
1831
1710
908
188
4084
3945
3312
4577
1048
539
4539
962
3995
1211
240
3138
4885
3931
2058
608
1386
4902
3892
3348
2021
4740
4287
2370
2021
3306
897
184
1457
1308
2730
4083
2186
3487
3976
2608
4319
3478
4289
1192
3360
2713
80
265
652
3069
2384
2402
2738
2735
3563
228
1942
2270
451
769
1535
2797
2318
2689
3349
674
2135
3165
3126
11
1518
1240
3722
2250
584
190
1338
4181
4044
4229
3454
1343
1049
1342
4984
2671
2076
3220
3221
59
1385
4866
322
4978
1689
1368
1148
285
1578
4759
4996
270
4546
4530
1557
2617
2607
2581
2658
3252
4886
1249
116
1212
3272
844
243
4989
494
4184
3651
4909
4482
988
3588
713
1133
3340
2769
3264
1268
4937
3777
1077
4101
4955
1692
2335
459
4038
4224
2125
206
4657
3067
3322
2860
3305
959
649
3434
4851
12
3948
3355
3279
4782
3298
4810
491
2673
723
1872
496
2918
490
1569
4738
4631
2440
1046
3469
3386
4765
1675
638
4287
1089
1969
4286
2285
818
984
4020
2362
1361
1200
362
1159
2396
4758
2664
332
1046
3418
3132
805
2294
2093
3221
1262
3898
1386
2637
4098
1924
1895
2390
3161
1731
4145
4055
4305
2484
1665
2240
1841
516
1883
552
453
506
797
2212
3160
3436
4615
3713
1777
4882
634
628
4545
3643
4404
2043
1348
2907
757
3625
2424
3057
4190
3390
3658
642
1634
4252
3576
4740
1405
2881
1614
4918
4171
1370
3071
720
256
3630
1612
2525
341
84
945
3996
3881
545
4007
3616
4270
2852
3932
4372
1969
1101
422
4602
4312
87
3957
595
4914
4554
2771
3969
3247
514
499
2041
3021
711
3984
174
723
2897
1997
1992
1377
4777
1261
2901
2786
316
4128
185
3873
4164
865
4688
298
3944
2591
1273
2505
3142
2238
1747
2275
4459
31
92
46
4981
3283
1649
1556
1870
3744
480
44
2725
2938
2151
4554
2313
4468
447
696
2667
1416
4839
3379
3118
4366
3112
2463
4221
3093
4849
4709
588
41
696
596
224
3194
477
1609
3245
2002
4252
238
3156
2695
4363
775
4278
1592
4919
646
4227
1365
1408
2751
4020
1671
3954
3600
3071
363
2063
4763
3148
743
572
1141
3098
3132
4172
2338
507
2554
2046
1693
1183
2541
2802
1469
1552
849
467
2596
591
2028
284
2217
2999
1126
3230
3287
3196
1551
2873
261
52
675
4446
2006
2160
2234
1523
2956
233
4445
4059
2298
843
788
1069
77
4202
3876
4809
4224
4901
2759
2531
4455
1968
1349
2647
1750
4044
1392
1926
4317
1822
143
3069
2508
4637
386
4888
3824
4148
3742
2671
1082
2351
3899
3763
1077
321
4496
713
2764
240
1105
832
3224
680
1991
4311
1014
2438
629
204
3273
696
4550
2959
1467
1036
1874
1170
1535
3983
1805
2190
4237
3174
3360
3926
1522
2941
3895
4910
3087
4199
2137
295
1019
3316
2071
4601
3803
279
4115
577
4601
3990
2902
4437
3460
2360
4385
3119
4149
1335
4388
1487
3522
4703
2418
12
1900
2176
3923
2247
2962
421
1896
4115
3235
1651
718
4555
3803
4952
4536
2227
252
1784
4424
4911
1744
1115
2880
584
4805
2017
2279
4765
2578
4450
4182
1159
286
2621
3685
3150
2357
4694
2682
2683
1045
3814
983
2659
1057
905
1186
2782
735
3616
4729
3328
134
3058
4760
3460
309
1277
2828
2562
72
3041
4565
3357
2903
4961
2676
4884
3084
4659
2357
4749
1604
4956
464
78
1896
1224
2111
2590
3886
1771
4867
4085
4127
3034
4440
4396
2785
4457
2998
1877
645
48
3466
2842
1333
2879
2540
1672
4024
2920
822
1110
779
1053
4292
1966
4157
4465
4968
2989
2427
4215
1368
3227
2661
2282
1468
2700
3292
821
882
4896
2816
1362
2326
1536
4382
1888
4513
471
231
533
2949
2141
640
4506
920
4878
3900
2275
4160
3
3828
618
4241
2599
123
3234
155
1592
2125
2614
2322
3816
3819
4473
1405
3384
1380
1419
945
1408
3558
2029
2723
2717
2580
515
851
4012
2604
791
204
1741
705
3624
3075
2501
4133
4209
4664
3293
3821
1456
1904
3826
626
1997
4513
4807
4860
637
1686
2914
2460
2642
1772
4130
1460
355
3081
3265
957
1796
3043
4599
1178
3084
4605
4646
1501
1596
2495
983
1118
4091
1463
1263
3322
541
4589
3174
3520
3099
1191
1208
4203
1228
2847
226
856
4098
4262
4312
1670
2801
4966
2272
1925
3982
840
89
663
1192
1273
1518
4374
140
2496
1571
2456
3607
3495
944
3110
3091
1223
4978
3250
2104
2463
671
497
1236
4204
4219
2078
58
2337
1023
58
1006
4825
3723
113
2208
2187
3515
4022
4834
2048
532
1419
2801
4448
2377
3002
3655
4369
1
2620
2026
1288
108
714
4611
481
1316
4721
2492
2218
287
3059
3061
2726
4681
68
3232
4693
3641
2257
321
2936
4264
65
4651
2257
2352
54
4259
3061
3451
4347
2503
1636
843
1954
1764
1891
1134
1770
1078
3830
4880
2612
2249
2561
3456
3733
4906
141
2632
4256
3216
4446
1045
2107
4586
4656
2203
1084
62
4657
3674
4961
3731
2180
459
3550
426
4831
4505
2012
1813
1154
3612
2802
3053
3200
3460
2399
2963
2494
102
1295
2257
3836
1494
4569
4967
443
987
489
4673
4223
811
1628
2630
1260
3258
207
3718
710
1933
177
4134
2739
1548
4703
528
1843
2668
994
3328
2853
4571
2408
267
3436
1668
2101
2853
4095
3300
3719
4610
962
868
3514
2731
1482
4197
3812
2207
781
2178
3810
3650
3850
1881
108
3985
1713
4949
784
4646
3865
1592
4238
3246
1416
4981
4398
4755
1651
2123
2644
1729
3677
1521
1821
3799
2315
4566
1737
1022
1882
4529
4478
676
3015
1405
1529
222
2605
1065
4902
4670
638
4661
3706
727
3945
1624
2818
3977
788
2014
3581
47
2540
3662
1550
634
2715
2644
4886
1653
3505
3885
3526
2915
2111
4551
376
166
2157
4842
3531
4024
2860
3780
1073
2963
3508
2456
4864
3136
1417
2954
1125
72
2105
4741
881
1745
2919
977
4697
718
4577
4937
2631
4441
2800
1165
3508
2016
3459
3650
2997
583
2757
4784
4297
2983
2943
2652
1776
2791
3929
476
496
4587
0
238
1574
4592
1127
3894
3937
2713
1629
2765
2824
3677
1076
3838
935
2896
259
327
3247
2104
251
330
3513
3218
1744
539
533
2308
3729
1643
2880
4350
2918
4317
1880
2396
3396
2943
1632
4832
2084
2127
4945
2195
929
4306
2450
1871
2772
4653
1365
1455
4594
1863
4715
4641
3882
4592
2511
2539
3343
3536
4934
3189
542
2671
516
2132
991
561
287
16
4710
1158
3930
2424
2510
3167
50
3943
1544
1590
196
236
3147
4718
3238
1013
3079
1142
999
237
3804
1855
2943
3473
534
4050
931
464
3429
2738
1976
650
1237
3174
4883
3686
610
2613
3408
4046
3429
3672
1855
248
198
2945
3800
407
2273
1025
272
1132
2536
4918
2394
4264
527
1001
708
1386
352
1071
3132
3365
4004
3858
26
1650
2175
3826
2550
2724
4342
1857
749
4665
4248
2191
4340
4179
125
2576
3932
1736
1391
3102
3381
2119
3557
1053
3453
2576
4709
412
3411
2496
654
3709
684
3024
3933
477
2177
1046
3458
2130
1952
4038
1495
2395
1640
4536
4351
3606
2048
3461
2430
3826
72
3648
1462
1707
2903
1007
2469
3234
2176
1597
3751
3179
3329
4124
918
315
1850
4313
3025
2238
3554
2249
4586
1843
947
641
868
2659
3847
1113
4292
1121
3066
3832
682
3025
3540
3770
3156
32
373
171
3309
4322
4583
1720
18
498
4595
1193
3939
3191
3756
52
1149
333
2708
2296
440
3781
1679
1924
2379
3976
1683
2484
3344
1591
3816
2338
1412
1066
4347
4378
3766
2581
4743
4925
3832
465
3921
3426
707
2958
1412
4769
2839
2049
2313
116
1021
2488
1586
2055
714
570
2292
1496
1820
1274
137
4545
1427
4870
4947
1875
69
331
1723
4805
2790
4149
3980
201
604
1455
3277
2724
2487
3926
4662
3818
663
178
1547
877
2511
4943
1671
1815
3341
987
3247
2296
2931
4192
480
1814
2143
970
1087
1299
4791
4592
4733
448
2530
2636
3145
498
3806
2046
3093
3975
4659
1107
631
2070
4036
504
2630
4173
1873
2561
1429
730
2168
2265
4420
288
4469
610
4360
1136
1373
1807
1298
727
3373
4528
94
2952
1769
3844
1030
4184
275
4840
2910
1047
452
59
2151
2199
2169
3045
487
2254
2370
2963
4271
4511
1240
1622
2162
141
4287
4662
4395
1740
3611
4131
3517
3453
4900
3882
3244
1453
616
1477
190
778
543
2210
4638
828
1494
4798
315
3188
4
2995
739
1360
3729
155
121
44
631
4607
73
2757
2149
2270
3446
4664
101
3408
1889
1116
3089
3639
1711
1659
5
3442
4141
41
1057
1907
3423
4962
3907
2468
1773
4352
4052
3855
3605
4151
4021
1095
1418
2301
2497
2358
4015
4172
1588
3277
3464
4423
2778
2591
2671
3363
3052
4850
4827
361
207
4990
913
1933
4862
557
4620
4354
549
3064
1193
3810
1981
3633
2678
1168
2081
3411
686
4905
3614
3440
2884
4840
4381
838
2154
3914
4128
2628
3877
2177
1555
840
2858
4874
4664
1459
1927
1374
3171
3670
2329
3504
1554
3611
3523
4833
3660
1058
727
2461
1333
4928
2294
2583
4899
1283
283
4292
4743
3324
4625
4656
2879
727
3387
1500
2303
1984
3127
896
1389
2775
4166
825
412
1789
407
3403
1380
1031
46
3087
1656
1681
4405
4806
4681
876
1511
1996
3481
3738
3049
2500
1136
799
2665
4506
1980
4015
991
2435
1416
1769
226
1409
2108
1481
3080
4994
4372
4346
478
1965
83
1062
1090
1679
774
3383
4778
1998
2607
2955
1381
2776
803
4864
4280
4583
2347
3912
2022
4914
3091
3250
255
1726
2082
1410
2344
2112
1520
2935
3648
2658
442
1051
1206
4487
1905
4957
2382
1322
2490
1487
4161
1459
1512
4095
1789
1538
246
4733
172
4663
1063
524
1203
1494
1945
4602
1966
3810
645
4528
2943
1953
3986
2333
3369
4808
3893
2858
1178
4319
4429
536
4880
4112
2854
4161
3858
472
727
999
3025
3461
2097
4125
2680
4499
512
594
4486
1010
4207
321
2475
837
1538
441
4372
2873
355
2167
4090
1390
977
2456
2101
4854
4185
3012
785
4474
325
1508
1051
1699
698
3573
79
1887
4663
1862
1653
1932
3876
3956
3093
733
1452
3603
1774
378
1473
1749
2499
65
2119
3015
1848
1044
3555
3104
2891
2486
732
3244
2667
4499
4980
91
4559
4628
2836
3152
4329
1522
3545
1568
2727
2183
325
1742
4584
3753
394
3112
2251
99
1733
2191
1620
1426
485
2907
3067
198
1860
2495
4477
1797
3087
4134
479
4759
4793
2539
1089
2711
4612
2122
140
31
3738
2008
3682
2557
482
922
1029
2405
2438
312
2315
3090
4979
4161
1900
1773
2689
3755
667
4507
1136
3347
3202
1884
3533
3988
3750
1747
3271
3598
525
3536
1844
4473
2675
4180
446
1498
4297
1441
63
705
3488
981
2370
1156
2713
3610
2469
1435
2462
4481
29
1637
4215
3153
4636
4867
3842
625
1432
1062
2216
3721
286
782
532
680
1988
4334
2967
4274
2681
4568
4637
3948
2152
1618
590
2279
1228
540
3520
2423
380
4941
185
4969
1033
2068
1783
4889
3982
4829
950
1056
3860
1300
1799
2815
1814
1917
3429
4564
4202
3947
115
2545
86
1683
193
4116
3922
3703
2860
1351
4949
2698
991
3157
3531
975
720
3919
1147
1169
4594
1151
1436
4154
4989
2988
833
367
1569
3685
3068
2608
2419
4976
4349
3436
746
3495
2137
4753
805
3571
417
2245
1617
3260
1656
2527
3937
3939
3060
1884
3107
395
2857
2867
1395
3473
1015
1480
182
1037
473
1295
702
3293
928
3559
2516
3252
116
1109
4670
1589
4620
4115
2768
3876
3708
1348
2615
4001
1419
4443
1988
2362
4464
3869
3296
2417
2159
2288
4130
4537
864
2244
2890
1249
3867
3381
2226
4230
2463
3629
1855
483
3349
498
185
1066
1500
625
1342
2359
2406
694
2631
1772
930
1729
3457
4737
3466
4695
4358
2324
2461
3250
3905
4878
698
3340
1673
2210
4335
1002
4083
2722
2288
4279
4510
4871
1667
4068
86
3450
688
623
3878
1813
4810
698
2015
3716
969
2202
1860
4851
2405
3056
2933
4302
2445
172
4696
3809
455
2601
1713
2351
163
1452
3099
3373
2089
4605
535
265
2070
3908
2240
4411
3670
314
3832
596
501
4639
3013
3406
4186
586
222
669
2651
4526
651
4603
4473
1504
3087
486
4945
2549
2267
3337
1194
3371
1004
418
2160
2337
1553
3109
720
3923
4208
2534
3837
3877
4090
1872
1039
2834
4335
1218
2022
4307
2634
4333
1781
2795
3490
3626
3744
4845
653
1104
4314
4199
4653
3854
3145
281
243
2302
1443
193
1294
4895
2079
2613
2198
2402
3824
4565
4641
2851
914
1122
4147
3442
3274
4572
203
3478
3685
1718
2468
4041
3498
1769
1058
432
174
1511
2024
2505
1082
925
1779
2229
3192
53
572
3300
2882
1803
1218
2974
1621
2034
2753
1332
4757
374
4193
1364
3057
1208
188
1216
782
921
3268
2869
2077
1706
950
1071
3609
785
4628
888
1813
2542
97
2722
2475
2147
3852
4538
3533
1042
445
3051
2334
4785
1624
2162
4962
1817
1114
545
2319
2242
4772
3446
1101
33
905
3077
475
51
4558
4531
1319
1190
4667
4959
4062
2556
1898
3266
2829
2155
3704
1689
4160
1163
1399
2459
640
2099
3118
290
764
1617
3466
2989
4700
4828
4414
2201
2988
1995
2092
416
3150
2532
4306
4716
3810
2619
938
2788
2246
677
2425
3267
4127
102
3020
2776
4782
4126
1234
565
4722
4347
3589
720
1583
3403
1914
3789
710
2227
1915
2081
2218
3263
1066
1640
3144
2942
3288
3926
2828
546
1753
1316
4972
1728
715
4446
302
241
2616
431
2391
4017
2273
264
1620
3237
41
694
3592
3993
4660
1123
851
2404
2543
1976
3661
261
4406
1051
3117
4068
4211
3781
1714
3137
3500
4764
1126
4640
114
2016
1164
3151
2474
1634
4674
4305
4768
808
1486
2536
1170
1890
1219
2703
3242
297
178
1321
2430
1552
2632
1453
2320
1567
2123
1109
3268
3920
2302
1011
3611
1057
1013
183
4186
1973
1815
2479
4388
1497
115
1800
710
361
4327
4690
4452
4583
801
4246
61
278
392
1271
481
4546
604
2558
1108
4925
3880
590
2887
2864
3020
2248
2574
1020
3691
2664
1122
3196
2532
1083
4984
4593
1283
3779
3403
3465
3110
4332
2021
70
3019
1676
3713
607
4253
2631
643
4635
2995
3228
3218
2187
589
2453
2998
4022
961
3675
484
2691
3594
3618
2888
4281
1656
596
1714
4
58
3663
2715
2300
2330
3920
3305
3422
1566
2264
4543
422
841
1019
3972
1055
3282
4310
4873
2134
3306
2628
2432
1536
3076
426
4807
1817
762
3615
3408
4026
780
739
3444
3812
4719
3544
2582
788
4759
1392
4440
4691
4354
3191
4261
2611
2662
4743
1360
2435
831
380
2251
1743
4613
1390
4284
3582
688
2541
2180
1750
883
1203
4926
3584
4405
3616
3159
2680
1360
1978
4412
4786
235
2809
3754
2566
2600
3339
3409
1804
1979
33
432
3516
1661
521
3756
593
3180
4271
2859
4269
4178
2264
1966
2391
3498
1913
3963
1522
2150
274
590
2528
1597
3757
544
4816
2625
1874
2243
2299
1518
4642
2094
2519
2927
2846
1395
2963
748
2447
4455
340
3037
829
1939
2118
2294
121
306
179
3236
2558
115
1228
1876
951
2408
4738
3839
3919
2571
1134
4446
2971
2029
4858
3503
2627
2269
2963
4905
2891
181
3923
4804
1492
1369
4153
144
2147
1959
2155
1058
2024
4588
4809
1231
2078
224
2209
247
2193
2902
3713
3940
527
1262
2763
4698
940
1882
1251
2351
547
3930
755
1717
2014
1611
1154
4144
1753
1054
4636
313
3023
4961
2434
2728
4467
4503
913
676
3198
4022
950
1669
1869
2454
618
2961
4679
281
4462
4508
2719
1008
4341
4813
1042
331
4671
3772
1778
2887
2818
723
1005
4967
542
3170
2230
4552
3734
3194
3756
968
2078
3000
3971
2435
4589
2196
3846
4843
2345
101
2939
2812
227
3050
808
387
3312
3925
4193
1059
2436
198
3911
117
4043
2257
99
1499
3400
3589
2212
3164
3546
1724
1827
3749
1439
974
1371
2256
1034
4184
2051
4534
1054
1973
4825
1041
4396
4269
2153
4241
2340
4537
2706
4921
582
2596
3050
4197
4215
4985
744
2086
3044
1972
2232
4692
3523
224
4375
121
1303
4385
389
756
4795
400
3461
2164
4746
3278
329
23
3949
597
539
4830
1920
4797
3063
3915
2248
3249
4024
3270
1721
269
3274
663
3781
4588
4063
2167
1695
4744
3723
4960
2070
3072
3574
175
3085
323
820
1930
2026
2871
3666
4582
675
2836
1626
399
1856
2699
1840
4613
3208
845
383
376
3446
310
1417
4360
1507
4187
3767
1206
261
3793
3949
1624
1002
4425
401
2165
4037
4601
2289
3384
123
1962
1844
4834
2996
3212
2796
2548
3154
2059
3348
1859
1135
4315
2600
627
2561
1225
3271
3393
1862
1765
2260
1810
3355
462
666
1616
245
1277
2174
616
3331
646
3389
288
3582
3279
920
2196
2715
2722
1538
62
815
2714
2421
4995
3036
2718
838
3982
4062
2101
1032
3584
3682
4904
2697
1481
3687
1664
802
4983
2680
3317
3340
14
649
2798
3565
4082
4664
3439
4074
2456
2324
4996
3461
3748
489
4430
2485
1572
304
1703
2182
1268
2011
4463
985
4930
1460
2187
2369
1170
4266
197
2758
3585
1298
2521
350
4957
3985
4545
1973
4382
609
874
2991
4081
2715
4111
3149
2000
1750
3186
3887
1710
3294
4216
3249
1227
1381
3779
1481
4291
4664
4375
2667
4345
4160
4609
1785
4388
3079
1197
1421
4770
1577
4781
2158
509
1960
3697
592
131
4081
3571
1651
1685
51
2072
3500
2395
3674
3038
2296
4559
1976
895
2093
3261
3475
3429
4473
3639
2994
4294
2823
4629
3301
2345
4228
3424
1931
4224
721
1881
3282
346
1907
1004
3488
2541
2100
3013
1962
381
771
2793
2519
875
4433
1154
201
3624
56
4669
2010
1509
1506
423
1970
4156
4929
2565
2447
4818
1691
1158
1279
1199
3076
1355
1885
26
4165
3885
492
795
1737
4697
2746
4057
729
3323
414
2472
3034
265
2595
1799
902
4267
662
571
4393
1293
855
2141
668
3713
4001
621
1461
555
1967
4639
3964
1146
4557
1325
3511
52
1638
2754
3460
1661
4655
4374
4374
4692
2459
3401
3408
2302
357
1088
277
199
3729
4360
4934
1341
4296
281
4314
2904
401
597
3502
1430
1436
4628
3220
347
3457
2181
3026
3447
979
2369
3757
4545
1381
1665
2924
4542
2099
4638
4257
1516
4721
4865
4785
842
3448
4517
1544
4035
3277
2046
3923
710
108
2191
2357
2270
4022
226
274
1510
2596
2216
4157
4684
2002
2172
4036
2579
4880
7
2826
926
1307
65
3492
2500
1392
4003
1012
1187
948
1376
2947
2429
639
4986
2295
905
4320
3466
4411
2315
2689
1244
2753
4556
2804
4278
4450
825
726
89
3832
2879
160
4446
2655
4782
4151
597
1645
221
2597
279
3486
3069
3477
688
1087
1327
3109
1203
829
1630
3866
4141
4899
322
2852
4905
1216
4232
2594
4729
2970
4001
3535
3013
4147
656
1613
786
2324
2407
2851
4100
1803
2420
3796
1643
4153
3543
4373
759
4381
3444
2431
2553
1456
2326
2757
4587
380
3064
2528
3251
3256
2338
3981
3077
118
785
1290
4321
4547
4172
1320
3247
2193
1561
2136
2381
4395
2580
1114
4690
1949
1212
2959
4077
1724
556
2728
3341
4178
3189
122
928
2921
2251
1633
2888
1958
1149
1062
4359
2680
3635
3271
3789
1028
4600
4906
4313
944
2655
3108
1094
3263
2715
2688
461
4905
3696
4876
777
1046
3200
3688
4316
3700
2672
3542
2251
772
3478
4677
1786
638
136
530
4150
2293
2048
3916
1092
4813
75
1924
3167
1025
2383
230
1509
2702
4789
1878
1477
4885
4799
1974
1984
327
2046
4242
1651
1553
2384
1287
3354
309
24
4029
1890
4985
4354
1344
797
941
4222
1861
1264
381
932
2579
2579
2431
21
408
4992
2089
3390
4993
2476
1406
3935
4504
4661
4236
4482
4177
670
2758
3523
3548
3718
1437
2494
2459
1692
4263
955
2662
3752
1405
1927
564
2347
3934
76
4748
4654
2038
2703
1187
1120
1563
4954
522
2161
4831
3094
4099
3266
4413
2283
1051
4799
1182
1964
3367
2407
1703
419
102
2993
2787
150
2996
3737
1464
450
3704
2503
3194
2116
1539
4148
3830
3259
2245
4293
4656
3564
1309
4932
2976
4124
3018
3839
4973
2397
2345
3352
3727
2740
2550
4496
3897
2897
3739
4497
377
4538
4050
1698
3976
3415
4529
4359
1170
1939
2995
4201
3173
1741
4851
4087
3594
4121
4550
1260
124
3255
4644
4478
537
1969
523
594
4632
3249
1231
159
150
1921
3685
4017
3625
21
2974
3471
4648
4267
880
1055
2785
644
4279
2689
2186
1863
1474
2828
218
2685
2821
4876
2741
3477
1241
315
599
6
1993
4148
65
4278
1291
907
3771
2782
2548
410
2706
4200
4566
2002
463
1704
214
3831
3138
2409
2306
693
2527
899
1250
1835
206
3023
2415
1411
3848
3855
403
25
4917
3961
271
4120
2195
219
2744
2248
1543
2315
1253
4847
4661
2352
1703
1133
4843
1888
264
1307
3385
1123
2025
755
3038
4092
3771
2023
3653
4441
970
199
359
1120
3899
3154
4080
4443
1863
1739
2596
4831
4194
4367
1782
2
4638
4635
2948
2954
208
1167
402
2556
1753
3631
3863
1132
2617
1870
3798
1179
443
2900
330
543
637
3972
3774
409
3231
1411
146
2584
2127
4624
3433
3926
4104
4742
4259
4078
1162
3187
2649
888
3544
1150
1232
4577
1821
4844
3474
1722
751
228
4579
3552
3717
4259
386
3305
4605
4653
1748
1353
2020
430
4925
4971
4747
550
1845
747
2600
2236
3005
2352
3832
223
1846
4610
4716
4907
3921
4631
4135
4518
2630
3284
4163
4207
4276
4069
1920
4038
2802
170
3533
2721
4113
1189
3410
4957
3777
2823
1069
4377
4028
4124
1398
3478
4636
2430
779
2867
4290
936
299
63
1571
4241
8
3782
4929
3758
1892
2953
2918
2183
1362
3531
2373
102
2071
4193
3567
721
2124
1547
327
2013
2097
4933
1538
598
2706
60
1371
3337
4544
1264
4843
4568
608
1756
1484
1997
1228
3483
3849
4212
3140
4135
3677
1472
3160
4944
4858
3311
4088
3122
132
2726
3831
1065
434
1425
2827
4962
1002
4762
3011
1989
1579
1263
4941
2259
724
556
2099
699
4049
4450
3045
3857
2953
2612
3581
2538
4631
2415
4511
3363
4127
3735
17
849
4442
1438
500
3263
4304
4002
3593
3176
3839
3055
2179
1809
4412
838
2488
821
1717
316
809
1340
2512
1932
2724
2244
2280
964
2866
2807
1540
4556
2329
4856
16
4532
2174
913
1926
1616
3327
3053
4982
942
2270
1968
338
4800
21
1144
1257
484
1156
1041
1484
2060
3476
3154
13
573
4803
1889
3129
4305
2964
4665
2122
390
4587
1827
3478
3296
1911
3187
4513
3306
1477
2006
721
2589
770
1848
915
3726
1022
1539
1976
909
497
1967
3613
280
3484
933
2286
3312
3078
662
2443
1419
236
3688
157
1677
4915
2847
1668
4192
3481
3510
2004
2042
916
1605
4023
3556
867
1354
2804
316
1823
14
3114
1138
3968
4366
668
4480
1299
984
4667
3196
4347
2466
4376
1241
3821
4517
3060
2591
3078
3290
3571
325
266
987
1381
2697
1147
2345
3945
2660
395
441
701
782
2830
2565
1066
137
4341
4687
4837
1578
553
4772
1755
4463
2283
2900
2229
363
4405
3345
3643
4706
2691
224
1759
1130
3968
2577
1508
2288
2191
2430
3822
3866
4005
2479
272
3865
4341
4672
15
200
3657
2603
4435
309
3790
1059
1117
911
2571
4112
971
703
1401
2309
4983
1468
3854
4161
4431
1024
4582
939
2152
951
1732
4061
4282
2421
68
4631
3576
2878
554
4092
166
1312
3144
3608
3863
4521
1782
2645
443
1480
3009
1338
4128
4317
26
4876
680
2597
2786
4051
524
2383
824
646
537
1950
480
3813
659
3423
2619
3172
1408
1287
1360
2765
1372
899
4584
3129
4933
2289
2952
4676
2649
1654
4953
3748
4711
205
2994
774
2097
4890
688
2677
2889
279
1773
4882
3388
792
1364
332
2323
3427
2586
1627
1574
3392
2432
1071
2199
4371
1909
892
4785
3086
4813
1793
3866
1280
1459
3148
3725
2993
4570
3411
4437
2644
3570
1175
878
4390
3967
516
270
2829
4069
407
2811
3862
4159
1931
1174
4218
1233
722
1881
1694
815
1955
4590
1986
3748
2932
3317
4519
3806
3196
4241
1386
2139
4166
4247
798
4883
1422
1789
3518
3695
4293
3068
2806
4851
33
1702
4582
875
3741
1771
154
4109
1546
463
4342
3976
4370
120
4447
3536
295
4623
1712
329
3231
3483
2897
3451
4036
4306
366
2760
4094
1698
3850
126
446
3506
3869
338
2166
4963
2187
4602
923
3901
132
4171
3440
2659
2582
1441
728
2992
1852
2857
4303
1870
2129
3050
25
508
1519
596
3394
1944
4508
209
1089
164
2062
3351
940
1726
130
1438
4775
3701
1949
1078
4235
3785
790
3970
2866
1577
2083
3767
1154
4485
2423
3432
1888
2470
896
3256
4272
3095
1908
2981
2929
4654
4557
4197
1273
1041
3718
2521
2812
2814
4591
3721
3741
4963
3744
3071
499
509
4422
344
3723
1029
4871
2680
498
3736
2728
1407
3718
1385
1609
2689
1139
4813
4285
3921
4361
2542
4234
2789
4318
3646
894
3222
4617
389
2093
4707
2294
1831
2815
3739
3989
3731
561
3290
2460
1935
2239
4394
2011
1652
3960
2618
82
3174
1317
4299
2944
925
3316
4618
4456
1567
4270
4005
1952
3762
4427
3566
4517
1447
4988
866
178
4797
2
4639
2945
4726
3470
41
3658
1678
2667
4132
1493
851
2279
1734
614
1384
3674
127
1812
3158
221
2398
1824
3690
3098
3536
3580
2221
1000
1446
715
1459
3506
4804
4600
2742
2857
3982
4575
2848
1761
3634
3880
4699
2880
442
3703
1160
88
3414
2553
1760
2195
638
451
887
1962
1811
4253
382
1587
2002
3187
1763
2081
2856
1673
276
3831
3435
81
1787
1492
2526
3113
76
847
4072
521
3965
3112
3581
726
4298
3398
3222
3051
1225
1230
4369
3727
68
4892
3732
975
115
3885
1289
1655
445
142
2683
342
478
3791
1426
