258
6
133
1
477
355
219
194
6
486
66
297
117
341
436
313
200
170
167
451
412
327
245
398
294
136
170
10
400
155
209
203
170
356
115
239
454
451
240
147
478
214
19
304
484
26
376
116
111
336
228
103
320
199
18
37
43
89
404
416
458
97
167
339
357
484
156
246
420
366
56
158
113
20
279
481
290
275
440
100
140
195
7
409
98
149
385
286
196
227
444
213
121
324
337
441
104
479
392
440
277
134
455
278
392
151
285
227
94
97
170
68
328
123
185
187
448
108
393
52
348
346
471
76
29
250
235
281
23
283
421
330
496
284
151
295
63
347
399
353
475
355
362
37
315
202
228
237
15
449
413
93
181
307
172
346
122
220
477
24
109
393
394
253
44
483
132
308
278
403
298
249
346
477
188
5
58
344
186
78
233
238
33
70
499
91
246
97
222
190
399
459
228
180
394
182
132
176
327
82
140
238
444
145
446
237
179
96
382
73
145
45
356
287
460
208
150
195
18
76
288
278
469
85
381
242
435
358
228
146
459
418
212
175
80
327
167
168
310
202
393
322
455
123
482
113
222
347
480
310
433
61
400
176
456
31
253
8
225
1
92
413
253
339
33
49
207
172
157
170
207
30
386
166
444
273
481
198
128
490
390
33
98
131
4
383
18
237
391
11
293
37
141
14
308
379
364
24
303
184
473
257
480
216
266
313
294
240
63
350
1
77
130
446
7
146
99
254
391
193
17
223
107
81
203
238
449
93
142
150
42
283
278
255
391
273
243
78
134
317
306
302
116
65
22
384
265
419
360
472
483
494
247
126
275
476
39
229
291
70
139
305
88
158
189
251
421
33
215
19
295
143
102
60
10
302
384
258
193
253
334
360
9
99
434
407
234
238
285
382
281
169
301
136
326
474
275
335
164
30
323
322
7
32
19
412
219
203
214
13
277
494
320
253
271
311
409
51
358
111
14
389
270
238
227
439
195
150
403
120
148
52
434
180
395
235
54
153
273
177
470
57
458
387
450
81
380
70
268
287
150
108
110
63
482
401
249
276
67
307
160
307
29
371
372
81
29
428
234
210
60
429
435
298
422
191
439
15
26
388
347
43
253
301
476
245
444
447
288
253
80
134
24
215
385
66
404
142
346
196
