4998
4994
4994
4994
4991
4989
4989
4989
4989
4988
4987
4986
4985
4985
4984
4984
4982
4982
4982
4981
4980
4979
4978
4977
4977
4976
4972
4971
4971
4969
4968
4967
4967
4966
4966
4963
4963
4961
4959
4958
4958
4957
4957
4957
4957
4955
4954
4954
4951
4951
4950
4949
4948
4948
4948
4947
4947
4947
4947
4943
4942
4942
4941
4941
4940
4935
4935
4933
4932
4932
4931
4930
4929
4929
4928
4927
4926
4925
4925
4924
4921
4921
4921
4920
4919
4918
4916
4914
4913
4912
4912
4911
4911
4910
4909
4908
4908
4908
4907
4906
4906
4906
4905
4901
4899
4898
4898
4897
4897
4897
4896
4895
4894
4892
4892
4892
4888
4888
4886
4885
4885
4884
4884
4884
4882
4880
4880
4880
4880
4880
4880
4879
4879
4877
4877
4876
4875
4875
4875
4874
4873
4872
4871
4871
4869
4868
4867
4867
4865
4864
4862
4861
4861
4860
4860
4859
4859
4857
4855
4854
4854
4853
4853
4851
4850
4849
4848
4848
4847
4847
4845
4845
4844
4844
4844
4841
4841
4838
4837
4836
4835
4835
4835
4835
4834
4834
4834
4833
4831
4829
4828
4828
4828
4828
4828
4827
4827
4826
4825
4824
4823
4822
4820
4819
4818
4818
4817
4817
4815
4815
4815
4815
4814
4811
4811
4811
4809
4808
4806
4804
4804
4802
4801
4799
4799
4798
4797
4797
4795
4792
4791
4791
4789
4787
4785
4784
4784
4781
4781
4780
4780
4780
4780
4780
4778
4777
4775
4771
4771
4769
4769
4767
4767
4767
4767
4764
4764
4764
4762
4762
4760
4758
4758
4758
4757
4754
4753
4752
4751
4750
4750
4749
4748
4746
4741
4741
4739
4738
4737
4737
4735
4735
4734
4734
4733
4729
4728
4727
4726
4726
4725
4725
4723
4722
4720
4718
4717
4714
4714
4713
4713
4710
4710
4710
4708
4708
4708
4707
4703
4702
4702
4701
4700
4699
4698
4698
4697
4695
4695
4695
4695
4693
4692
4692
4691
4690
4690
4689
4689
4687
4687
4687
4685
4684
4684
4683
4682
4681
4680
4678
4677
4677
4676
4675
4673
4672
4672
4671
4670
4669
4669
4668
4666
4665
4663
4661
4660
4660
4660
4658
4658
4656
4656
4654
4653
4651
4649
4649
4648
4647
4646
4646
4646
4644
4641
4640
4639
4639
4637
4634
4634
4632
4632
4632
4632
4630
4629
4629
4628
4627
4627
4626
4626
4625
4623
4622
4622
4618
4617
4616
4616
4616
4615
4614
4614
4611
4611
4608
4607
4607
4606
4606
4606
4605
4605
4604
4604
4604
4604
4603
4601
4600
4600
4598
4598
4598
4597
4595
4592
4592
4592
4591
4591
4590
4589
4588
4588
4585
4585
4585
4584
4583
4582
4582
4581
4581
4580
4580
4580
4579
4577
4576
4576
4576
4575
4575
4571
4571
4571
4570
4570
4570
4570
4569
4567
4567
4566
4565
4564
4562
4562
4559
4559
4558
4557
4556
4555
4555
4553
4551
4550
4546
4543
4542
4541
4541
4540
4538
4536
4536
4536
4534
4533
4530
4530
4530
4530
4529
4521
4521
4520
4520
4519
4519
4518
4517
4517
4516
4515
4515
4514
4513
4512
4511
4510
4508
4508
4507
4506
4506
4506
4505
4504
4504
4504
4503
4498
4498
4498
4497
4497
4497
4495
4494
4488
4486
4486
4485
4485
4484
4483
4483
4483
4481
4480
4479
4478
4478
4478
4478
4476
4475
4473
4472
4471
4470
4465
4463
4462
4462
4461
4461
4460
4459
4459
4458
4454
4452
4450
4450
4450
4450
4449
4447
4447
4446
4445
4444
4444
4444
4443
4442
4442
4442
4442
4441
4441
4441
4441
4441
4439
4439
4438
4438
4437
4436
4436
4436
4436
4435
4433
4433
4432
4432
4432
4432
4431
4431
4430
4429
4427
4427
4426
4426
4425
4424
4424
4424
4422
4422
4418
4416
4415
4415
4414
4411
4406
4406
4406
4405
4404
4401
4399
4398
4398
4397
4396
4396
4395
4393
4393
4393
4393
4390
4389
4389
4388
4388
4387
4386
4384
4381
4379
4379
4379
4378
4378
4377
4376
4376
4374
4374
4372
4371
4368
4368
4367
4367
4367
4367
4367
4365
4365
4364
4363
4363
4361
4360
4360
4360
4358
4358
4357
4355
4354
4353
4353
4353
4353
4350
4350
4348
4343
4342
4341
4340
4340
4338
4336
4333
4332
4331
4330
4330
4330
4327
4324
4322
4322
4321
4321
4321
4320
4320
4318
4317
4316
4315
4315
4314
4313
4313
4313
4310
4308
4308
4307
4306
4306
4305
4303
4302
4301
4300
4300
4298
4298
4297
4296
4294
4293
4292
4290
4288
4287
4286
4286
4286
4285
4284
4280
4276
4276
4274
4274
4274
4273
4272
4271
4271
4269
4267
4266
4265
4265
4264
4263
4263
4263
4259
4259
4257
4251
4250
4250
4249
4249
4248
4248
4247
4246
4246
4245
4244
4244
4243
4242
4241
4241
4241
4240
4239
4236
4234
4234
4234
4233
4232
4231
4231
4231
4231
4231
4230
4230
4230
4230
4229
4228
4226
4222
4221
4220
4218
4217
4216
4215
4215
4215
4214
4213
4210
4210
4209
4209
4209
4206
4205
4204
4203
4202
4201
4200
4197
4197
4195
4193
4193
4192
4192
4191
4190
4189
4189
4189
4188
4188
4186
4186
4186
4185
4184
4183
4183
4183
4183
4180
4180
4178
4178
4178
4178
4177
4176
4176
4175
4174
4173
4170
4170
4170
4169
4168
4166
4163
4163
4162
4161
4161
4159
4158
4158
4157
4157
4157
4157
4156
4155
4155
4153
4153
4150
4149
4148
4147
4147
4146
4146
4144
4142
4142
4141
4141
4141
4139
4138
4133
4132
4125
4125
4125
4124
4123
4121
4120
4119
4118
4117
4117
4117
4116
4116
4115
4115
4115
4114
4113
4110
4110
4109
4107
4107
4106
4106
4106
4104
4102
4100
4097
4097
4095
4094
4094
4091
4091
4088
4087
4087
4087
4085
4083
4082
4081
4080
4078
4078
4078
4078
4076
4076
4076
4075
4075
4074
4074
4073
4073
4072
4071
4071
4070
4069
4069
4068
4067
4066
4065
4065
4064
4063
4063
4062
4059
4057
4056
4056
4053
4052
4051
4050
4049
4048
4047
4047
4047
4047
4046
4045
4045
4044
4039
4038
4038
4037
4032
4031
4031
4031
4031
4031
4029
4029
4026
4025
4025
4025
4022
4020
4019
4019
4017
4016
4014
4012
4012
4010
4010
4009
4008
4008
4007
4006
4006
4005
4005
4002
4002
4001
4000
4000
3998
3998
3996
3995
3995
3994
3992
3992
3991
3991
3990
3989
3988
3985
3984
3983
3981
3980
3979
3977
3976
3974
3974
3974
3972
3970
3970
3969
3969
3968
3967
3966
3966
3965
3965
3964
3964
3964
3963
3963
3962
3961
3954
3952
3951
3949
3948
3948
3948
3946
3946
3945
3944
3941
3941
3941
3938
3937
3935
3934
3933
3932
3928
3925
3924
3923
3922
3922
3921
3920
3919
3919
3919
3916
3916
3916
3915
3908
3906
3905
3904
3903
3902
3901
3900
3896
3896
3896
3894
3893
3893
3892
3891
3891
3890
3889
3888
3887
3887
3887
3887
3885
3884
3884
3883
3883
3882
3880
3879
3879
3877
3876
3875
3874
3873
3872
3872
3871
3870
3867
3866
3866
3865
3863
3863
3863
3862
3862
3859
3859
3858
3858
3856
3855
3855
3855
3854
3854
3853
3852
3849
3848
3848
3847
3846
3846
3846
3846
3844
3844
3843
3840
3839
3838
3838
3837
3835
3833
3832
3831
3829
3829
3829
3827
3824
3824
3823
3821
3821
3819
3819
3818
3817
3816
3815
3815
3813
3813
3809
3809
3809
3808
3808
3807
3805
3804
3800
3798
3796
3796
3796
3795
3793
3793
3792
3792
3791
3791
3789
3788
3788
3788
3788
3788
3785
3784
3784
3784
3783
3781
3780
3779
3778
3778
3778
3777
3777
3777
3777
3776
3776
3775
3773
3773
3771
3771
3770
3770
3769
3769
3768
3768
3768
3767
3767
3763
3762
3762
3760
3759
3758
3758
3757
3756
3756
3750
3750
3750
3749
3749
3749
3746
3746
3744
3741
3741
3733
3733
3733
3733
3733
3732
3732
3731
3730
3730
3725
3725
3723
3723
3723
3722
3722
3721
3721
3721
3720
3719
3719
3718
3716
3715
3714
3712
3712
3711
3708
3707
3706
3706
3705
3704
3704
3704
3703
3702
3701
3701
3700
3699
3696
3695
3695
3694
3691
3690
3687
3686
3685
3685
3685
3684
3683
3683
3680
3680
3679
3677
3676
3676
3668
3668
3667
3667
3666
3662
3661
3659
3659
3656
3656
3655
3654
3653
3652
3651
3650
3650
3648
3646
3645
3644
3644
3644
3644
3643
3642
3640
3636
3636
3634
3634
3631
3631
3630
3630
3629
3628
3627
3626
3626
3626
3625
3625
3624
3623
3622
3622
3622
3622
3620
3620
3619
3619
3619
3618
3617
3616
3612
3612
3612
3611
3611
3609
3609
3605
3604
3603
3602
3600
3600
3596
3594
3593
3593
3592
3592
3591
3590
3589
3588
3586
3585
3585
3584
3583
3583
3582
3581
3578
3575
3574
3573
3570
3570
3570
3569
3568
3567
3566
3564
3564
3563
3562
3559
3559
3557
3553
3552
3551
3550
3548
3548
3547
3547
3545
3544
3543
3543
3542
3542
3537
3536
3536
3535
3534
3533
3533
3532
3530
3529
3529
3527
3527
3527
3527
3526
3525
3525
3524
3524
3519
3518
3516
3515
3515
3514
3512
3512
3512
3508
3506
3506
3504
3503
3502
3502
3502
3499
3499
3499
3498
3496
3495
3495
3492
3491
3490
3489
3487
3485
3483
3483
3483
3478
3476
3476
3476
3476
3473
3473
3472
3470
3469
3468
3467
3467
3466
3466
3462
3462
3461
3461
3460
3458
3456
3455
3451
3450
3450
3449
3448
3445
3444
3443
3442
3442
3441
3440
3440
3438
3437
3437
3437
3437
3436
3436
3435
3435
3435
3435
3432
3431
3431
3430
3430
3430
3429
3427
3427
3425
3422
3422
3421
3421
3419
3418
3413
3412
3411
3410
3409
3409
3407
3407
3407
3403
3401
3401
3400
3400
3400
3399
3396
3396
3395
3395
3393
3390
3390
3390
3389
3389
3388
3388
3386
3385
3384
3383
3383
3382
3381
3378
3378
3378
3377
3377
3377
3376
3375
3374
3374
3374
3373
3372
3371
3371
3369
3369
3369
3368
3368
3367
3367
3367
3365
3365
3364
3364
3363
3361
3360
3360
3360
3359
3359
3359
3358
3357
3355
3355
3355
3353
3351
3350
3348
3348
3347
3345
3345
3343
3342
3342
3340
3338
3337
3336
3334
3334
3334
3333
3332
3332
3330
3329
3329
3329
3328
3328
3328
3326
3326
3325
3322
3319
3319
3316
3316
3315
3314
3313
3310
3309
3309
3307
3306
3305
3304
3303
3300
3298
3296
3295
3294
3294
3293
3292
3291
3290
3287
3284
3284
3283
3283
3280
3279
3274
3273
3272
3271
3270
3268
3268
3268
3267
3264
3264
3263
3262
3261
3260
3254
3253
3251
3250
3250
3249
3248
3248
3247
3244
3244
3244
3242
3242
3241
3240
3238
3236
3228
3225
3223
3223
3220
3220
3219
3219
3219
3218
3218
3218
3217
3213
3212
3209
3208
3208
3206
3205
3204
3203
3203
3203
3202
3201
3201
3200
3200
3198
3197
3196
3195
3194
3192
3190
3190
3188
3187
3187
3186
3185
3185
3185
3185
3184
3184
3183
3182
3181
3181
3180
3179
3178
3177
3176
3175
3175
3174
3174
3173
3173
3173
3165
3165
3165
3164
3162
3160
3157
3157
3156
3155
3154
3153
3153
3153
3151
3151
3151
3151
3149
3147
3147
3145
3145
3144
3144
3144
3143
3142
3142
3141
3139
3139
3138
3137
3136
3134
3134
3133
3133
3129
3127
3126
3125
3125
3125
3123
3122
3121
3115
3115
3113
3111
3111
3110
3109
3108
3107
3105
3103
3103
3100
3100
3100
3100
3100
3098
3098
3098
3098
3097
3096
3095
3094
3092
3090
3088
3087
3087
3086
3083
3082
3082
3078
3078
3077
3067
3064
3062
3056
3056
3054
3053
3053
3053
3052
3049
3049
3048
3047
3046
3046
3045
3045
3044
3041
3041
3041
3040
3040
3037
3033
3032
3031
3030
3029
3029
3029
3026
3026
3025
3025
3025
3024
3024
3024
3022
3022
3022
3022
3021
3019
3017
3017
3017
3017
3017
3017
3013
3013
3012
3012
3011
3011
3011
3010
3009
3009
3008
3008
3008
3007
3007
3004
3003
3003
3002
3001
3001
2996
2995
2994
2994
2992
2989
2988
2988
2986
2985
2985
2984
2983
2981
2981
2981
2980
2980
2979
2979
2979
2978
2978
2977
2977
2977
2975
2975
2975
2974
2972
2969
2969
2967
2966
2966
2966
2965
2964
2964
2962
2962
2960
2957
2956
2955
2954
2951
2950
2949
2949
2948
2945
2944
2943
2942
2942
2941
2940
2939
2938
2938
2935
2934
2934
2934
2931
2931
2925
2924
2921
2921
2920
2918
2918
2917
2917
2916
2915
2914
2913
2913
2911
2911
2910
2909
2907
2907
2905
2905
2904
2902
2902
2902
2901
2898
2897
2897
2896
2896
2895
2895
2894
2894
2892
2891
2891
2890
2890
2889
2888
2887
2887
2887
2887
2887
2887
2885
2885
2884
2882
2882
2882
2880
2879
2879
2874
2874
2873
2873
2872
2872
2871
2871
2871
2869
2869
2869
2869
2863
2862
2861
2860
2859
2859
2859
2858
2858
2856
2856
2853
2852
2852
2852
2851
2850
2850
2847
2847
2845
2845
2842
2840
2838
2838
2838
2836
2836
2835
2835
2834
2834
2834
2833
2832
2832
2831
2831
2829
2828
2827
2827
2824
2824
2822
2820
2818
2818
2814
2812
2811
2810
2809
2808
2808
2805
2803
2803
2803
2802
2801
2801
2794
2794
2794
2794
2790
2789
2789
2788
2788
2788
2786
2785
2784
2782
2782
2782
2782
2781
2780
2776
2776
2775
2775
2775
2772
2772
2770
2767
2767
2761
2760
2760
2760
2760
2759
2759
2758
2757
2756
2756
2756
2755
2755
2754
2752
2751
2750
2749
2748
2748
2747
2746
2745
2744
2742
2738
2737
2737
2736
2735
2734
2731
2731
2731
2731
2731
2729
2729
2729
2728
2728
2726
2725
2725
2724
2722
2722
2720
2719
2717
2716
2715
2715
2715
2714
2713
2712
2711
2710
2709
2709
2709
2708
2707
2707
2706
2705
2704
2703
2702
2702
2701
2701
2700
2699
2699
2698
2697
2695
2695
2694
2694
2692
2692
2692
2691
2690
2687
2686
2686
2685
2685
2685
2682
2682
2681
2680
2673
2673
2672
2668
2668
2668
2668
2667
2666
2665
2664
2662
2661
2660
2659
2657
2656
2656
2655
2653
2652
2650
2649
2648
2647
2644
2643
2643
2642
2642
2640
2639
2634
2633
2631
2630
2630
2629
2628
2627
2627
2625
2625
2624
2622
2619
2619
2619
2617
2615
2614
2613
2612
2611
2611
2611
2609
2609
2608
2607
2606
2606
2605
2604
2604
2603
2602
2602
2602
2600
2599
2598
2597
2596
2594
2593
2593
2591
2590
2588
2587
2587
2587
2587
2586
2586
2584
2584
2583
2582
2582
2582
2578
2578
2576
2576
2575
2574
2573
2571
2571
2569
2568
2568
2565
2564
2564
2563
2562
2561
2561
2561
2560
2560
2559
2557
2557
2556
2556
2554
2553
2552
2552
2551
2550
2550
2550
2547
2547
2547
2547
2547
2544
2544
2543
2542
2542
2541
2540
2540
2540
2538
2537
2536
2534
2532
2531
2528
2528
2527
2527
2527
2527
2525
2525
2520
2520
2519
2519
2518
2518
2516
2516
2512
2511
2510
2509
2509
2508
2508
2506
2504
2501
2500
2500
2497
2497
2497
2496
2496
2496
2496
2494
2494
2493
2492
2492
2490
2490
2489
2488
2487
2486
2485
2485
2483
2482
2481
2479
2477
2477
2477
2477
2475
2472
2471
2470
2470
2467
2466
2465
2465
2462
2462
2461
2461
2460
2459
2459
2458
2457
2456
2455
2454
2453
2449
2447
2446
2446
2445
2442
2442
2442
2441
2441
2438
2437
2436
2435
2434
2433
2432
2432
2431
2430
2429
2428
2427
2425
2424
2422
2421
2420
2420
2420
2420
2420
2419
2417
2414
2413
2412
2412
2411
2410
2410
2407
2407
2406
2406
2406
2403
2402
2402
2402
2402
2402
2400
2400
2400
2399
2397
2396
2395
2395
2394
2394
2394
2392
2392
2391
2391
2391
2391
2388
2385
2384
2383
2382
2382
2381
2380
2378
2376
2374
2372
2371
2370
2369
2368
2366
2366
2365
2364
2364
2364
2363
2363
2362
2361
2361
2361
2360
2358
2358
2358
2358
2355
2355
2355
2354
2353
2352
2352
2352
2351
2350
2350
2349
2349
2349
2349
2348
2347
2346
2341
2341
2340
2339
2338
2336
2334
2330
2330
2330
2328
2327
2327
2327
2325
2325
2325
2324
2324
2321
2319
2317
2316
2316
2313
2312
2311
2309
2308
2307
2307
2306
2306
2305
2304
2297
2296
2296
2295
2295
2294
2294
2294
2293
2292
2292
2287
2287
2287
2286
2284
2284
2283
2283
2282
2278
2278
2277
2276
2275
2275
2272
2272
2271
2269
2267
2266
2265
2264
2263
2259
2259
2258
2258
2256
2256
2256
2256
2256
2255
2255
2255
2255
2254
2252
2252
2252
2252
2252
2251
2251
2251
2251
2250
2250
2250
2248
2246
2246
2246
2245
2244
2244
2243
2243
2242
2241
2240
2239
2239
2239
2238
2238
2238
2237
2232
2232
2231
2231
2231
2229
2229
2228
2227
2227
2226
2223
2223
2222
2220
2220
2219
2216
2216
2216
2215
2212
2210
2210
2210
2209
2209
2207
2205
2203
2203
2201
2199
2199
2196
2195
2194
2194
2193
2193
2192
2191
2191
2189
2187
2186
2185
2184
2182
2182
2181
2180
2176
2176
2175
2171
2171
2171
2168
2167
2166
2166
2166
2164
2163
2162
2162
2161
2160
2160
2159
2159
2158
2158
2157
2156
2155
2155
2153
2152
2151
2151
2151
2150
2150
2150
2149
2149
2149
2146
2145
2145
2143
2143
2142
2141
2140
2139
2139
2139
2136
2135
2134
2133
2133
2130
2129
2129
2126
2125
2122
2122
2122
2122
2122
2121
2118
2117
2116
2116
2115
2114
2112
2111
2107
2107
2106
2105
2105
2102
2100
2098
2098
2096
2095
2094
2094
2093
2091
2091
2088
2087
2087
2085
2084
2083
2083
2082
2082
2081
2081
2081
2080
2079
2078
2077
2076
2073
2072
2072
2071
2070
2068
2068
2065
2065
2064
2063
2063
2062
2062
2061
2059
2059
2059
2057
2057
2055
2055
2055
2052
2051
2050
2049
2047
2047
2047
2045
2045
2043
2043
2043
2042
2042
2042
2040
2040
2039
2039
2038
2038
2038
2037
2037
2036
2036
2035
2034
2032
2030
2029
2025
2024
2023
2022
2021
2021
2021
2021
2018
2018
2016
2014
2013
2011
2011
2010
2010
2008
2007
2003
2002
2002
2001
1997
1995
1995
1995
1994
1993
1991
1991
1990
1990
1988
1986
1986
1984
1982
1982
1981
1979
1977
1976
1975
1975
1974
1974
1973
1972
1971
1969
1968
1964
1963
1963
1963
1963
1962
1962
1959
1958
1958
1956
1955
1955
1952
1951
1951
1951
1951
1950
1950
1949
1949
1949
1948
1948
1942
1942
1941
1941
1940
1940
1940
1939
1938
1937
1936
1936
1935
1935
1934
1933
1933
1932
1932
1931
1931
1931
1930
1930
1929
1924
1923
1923
1922
1921
1921
1918
1918
1918
1917
1917
1917
1915
1914
1912
1912
1912
1909
1909
1909
1907
1907
1907
1905
1903
1903
1903
1903
1902
1902
1901
1901
1901
1900
1900
1899
1899
1898
1898
1897
1894
1894
1893
1890
1890
1890
1889
1887
1886
1886
1886
1884
1884
1881
1881
1879
1878
1875
1875
1874
1871
1870
1868
1865
1863
1863
1861
1860
1859
1857
1857
1857
1856
1855
1855
1855
1855
1854
1853
1852
1851
1851
1850
1849
1848
1847
1845
1845
1845
1844
1841
1841
1840
1834
1834
1834
1833
1832
1831
1830
1830
1829
1829
1828
1827
1824
1823
1823
1823
1822
1822
1821
1820
1820
1819
1818
1817
1816
1816
1815
1814
1813
1812
1809
1808
1807
1806
1806
1805
1804
1802
1802
1801
1801
1801
1800
1800
1799
1797
1797
1797
1794
1794
1794
1792
1791
1789
1787
1787
1784
1783
1781
1781
1780
1780
1780
1777
1776
1776
1775
1774
1772
1772
1772
1771
1771
1770
1770
1770
1770
1769
1767
1763
1763
1762
1762
1762
1761
1760
1758
1758
1758
1758
1758
1756
1752
1749
1749
1748
1746
1745
1743
1742
1742
1741
1741
1740
1740
1736
1735
1734
1734
1733
1733
1733
1733
1732
1731
1731
1729
1728
1727
1725
1723
1723
1722
1721
1720
1719
1718
1715
1714
1714
1712
1711
1708
1707
1703
1701
1700
1699
1699
1699
1698
1697
1697
1692
1691
1688
1687
1686
1683
1683
1681
1678
1678
1677
1677
1676
1675
1675
1675
1674
1673
1673
1672
1671
1668
1664
1662
1660
1658
1658
1658
1657
1657
1657
1657
1656
1655
1655
1655
1652
1651
1650
1650
1649
1648
1648
1646
1645
1645
1644
1644
1641
1640
1640
1638
1636
1634
1634
1632
1631
1630
1630
1630
1629
1627
1627
1624
1621
1620
1617
1616
1615
1615
1615
1613
1613
1613
1612
1612
1610
1609
1607
1607
1606
1604
1604
1604
1604
1601
1601
1601
1599
1598
1598
1597
1597
1596
1595
1595
1595
1595
1594
1593
1589
1588
1588
1587
1587
1587
1583
1583
1583
1579
1578
1578
1578
1576
1574
1574
1573
1572
1570
1570
1569
1568
1567
1565
1564
1564
1564
1563
1561
1556
1556
1555
1552
1552
1551
1549
1549
1548
1547
1545
1543
1543
1542
1541
1540
1540
1540
1540
1538
1538
1535
1535
1534
1534
1533
1533
1531
1531
1529
1528
1527
1526
1524
1523
1522
1522
1521
1519
1516
1515
1515
1515
1514
1514
1512
1509
1509
1507
1506
1505
1504
1504
1503
1498
1496
1496
1495
1492
1492
1492
1491
1489
1489
1488
1486
1483
1482
1482
1481
1480
1480
1480
1479
1479
1478
1476
1476
1476
1472
1472
1472
1471
1469
1468
1467
1467
1465
1465
1464
1463
1462
1460
1460
1460
1459
1459
1458
1454
1453
1451
1450
1449
1449
1448
1446
1446
1446
1444
1444
1443
1443
1440
1438
1438
1437
1437
1436
1435
1435
1435
1435
1434
1434
1434
1433
1430
1429
1428
1426
1424
1423
1422
1421
1420
1418
1416
1416
1415
1415
1414
1414
1412
1412
1412
1412
1410
1409
1408
1406
1406
1406
1404
1404
1404
1403
1402
1401
1399
1399
1396
1395
1395
1395
1394
1394
1392
1391
1390
1389
1387
1387
1386
1385
1384
1383
1382
1381
1381
1380
1378
1378
1377
1377
1377
1377
1377
1376
1376
1375
1375
1375
1373
1372
1372
1372
1371
1368
1365
1364
1363
1363
1361
1360
1359
1358
1356
1356
1355
1355
1353
1352
1349
1349
1349
1348
1348
1346
1346
1345
1344
1340
1339
1339
1338
1334
1333
1331
1331
1330
1330
1330
1328
1328
1327
1326
1324
1324
1323
1323
1320
1319
1318
1316
1316
1315
1314
1314
1314
1313
1312
1312
1312
1310
1308
1308
1308
1306
1306
1306
1305
1304
1301
1300
1299
1299
1299
1297
1296
1296
1295
1295
1295
1294
1294
1294
1293
1291
1290
1288
1287
1287
1286
1282
1282
1280
1278
1278
1278
1278
1277
1276
1276
1275
1273
1272
1271
1269
1268
1268
1268
1267
1265
1265
1265
1264
1264
1263
1262
1262
1261
1260
1260
1259
1257
1256
1254
1254
1252
1252
1252
1251
1251
1250
1250
1248
1247
1247
1246
1246
1244
1244
1244
1243
1243
1242
1240
1238
1238
1238
1237
1236
1234
1233
1233
1232
1231
1228
1228
1226
1226
1226
1226
1225
1225
1224
1224
1221
1221
1219
1219
1219
1217
1215
1214
1213
1212
1212
1210
1209
1209
1206
1206
1206
1205
1204
1204
1202
1200
1199
1198
1197
1190
1189
1189
1189
1187
1187
1187
1187
1185
1185
1182
1182
1181
1180
1179
1178
1171
1171
1170
1166
1166
1166
1166
1166
1165
1164
1163
1160
1159
1159
1158
1158
1157
1156
1155
1155
1155
1153
1153
1150
1149
1148
1146
1145
1144
1144
1143
1143
1139
1139
1138
1138
1137
1134
1133
1132
1131
1131
1131
1131
1131
1131
1129
1127
1126
1126
1121
1120
1120
1120
1119
1116
1114
1113
1112
1112
1110
1110
1110
1109
1107
1107
1106
1104
1103
1102
1101
1101
1101
1098
1098
1098
1097
1097
1096
1094
1094
1091
1090
1089
1084
1084
1083
1082
1082
1081
1081
1080
1080
1080
1079
1079
1078
1077
1077
1075
1072
1070
1067
1066
1064
1063
1057
1057
1054
1054
1053
1052
1051
1051
1049
1047
1047
1047
1045
1044
1044
1043
1039
1038
1038
1038
1037
1035
1035
1035
1033
1030
1027
1027
1025
1025
1025
1024
1022
1021
1020
1020
1019
1018
1016
1016
1015
1014
1014
1014
1014
1013
1013
1011
1009
1009
1008
1007
1004
1004
1003
1002
1002
1000
999
998
996
995
995
992
991
989
988
988
988
986
986
983
980
979
979
978
976
976
975
974
974
973
972
971
971
970
968
967
966
966
965
964
964
964
963
960
959
959
958
958
957
957
956
955
955
953
953
953
951
951
951
950
950
949
949
947
946
945
945
942
941
941
941
939
939
939
937
936
934
934
931
929
928
928
928
927
926
924
924
924
923
922
922
920
920
920
919
919
919
918
918
917
917
914
913
913
912
910
910
909
908
905
905
905
901
900
900
900
899
899
898
896
896
894
893
893
885
882
882
882
881
879
879
877
877
874
874
872
871
871
870
868
868
868
867
862
862
861
860
860
860
859
858
858
855
853
853
852
852
852
851
850
850
849
848
848
847
843
842
842
841
840
840
840
839
838
838
837
836
836
836
834
834
832
832
831
827
825
824
822
821
820
818
818
818
816
816
815
814
813
812
807
805
805
803
802
801
800
799
798
797
794
792
792
792
792
790
789
789
788
788
787
787
785
783
782
781
780
778
778
777
774
769
769
768
767
767
766
762
762
760
759
759
757
756
751
749
749
748
748
743
743
743
740
740
738
738
737
736
735
733
732
730
730
730
729
728
728
728
728
726
726
722
722
721
721
720
720
720
720
719
716
714
714
712
712
711
710
710
708
707
706
706
705
703
703
702
702
700
700
699
695
695
694
693
692
692
690
688
687
687
684
683
682
681
681
680
679
678
678
677
676
676
674
673
672
671
669
668
668
666
665
664
663
662
662
662
658
657
657
656
652
651
647
647
647
644
644
642
642
641
640
640
638
637
636
636
635
634
633
632
632
632
631
630
626
625
622
621
620
616
615
613
612
612
610
609
608
607
606
604
602
601
601
601
600
599
599
598
598
597
597
596
596
595
594
594
593
592
591
590
589
588
588
584
579
579
578
578
577
577
574
574
573
571
570
567
565
564
564
559
559
558
558
558
558
558
557
555
555
554
552
550
549
548
547
546
546
543
543
542
542
541
541
541
538
535
533
532
532
531
530
528
528
528
527
527
527
527
526
525
525
525
524
524
523
523
523
522
521
520
519
519
519
517
517
516
515
515
515
515
515
515
512
510
509
508
508
506
506
505
505
505
505
504
503
502
502
501
501
499
497
497
492
492
491
488
488
485
484
484
484
484
483
483
482
480
480
479
479
478
477
476
475
473
473
472
471
469
468
468
464
464
461
458
457
453
452
450
447
446
444
443
441
440
440
438
436
433
432
432
431
431
429
429
425
424
423
422
420
420
419
418
416
416
416
414
414
414
413
413
412
409
409
409
409
408
408
407
405
405
405
405
404
403
402
401
395
393
393
393
392
391
390
390
388
388
388
387
387
387
384
382
382
381
380
379
379
379
377
376
376
375
374
374
373
372
372
372
371
370
367
367
362
361
359
358
358
358
357
357
356
355
355
355
353
353
353
352
351
350
350
350
348
348
347
346
346
345
343
343
343
343
342
340
339
338
338
336
336
335
334
332
329
328
326
326
325
324
324
324
321
320
320
320
319
317
316
315
315
315
313
313
312
311
310
310
307
307
305
305
304
304
302
301
301
300
299
299
299
298
298
298
298
297
297
296
296
296
295
293
290
289
288
288
287
286
286
285
285
284
282
282
281
280
279
279
279
278
278
275
274
272
272
269
269
268
267
266
266
266
265
264
263
262
261
257
254
254
253
250
248
245
244
242
242
241
239
237
237
236
235
235
235
233
233
233
230
227
225
225
225
223
223
223
219
219
218
215
214
213
213
212
212
212
211
209
209
209
207
206
206
205
205
205
204
204
203
199
199
197
196
195
195
192
191
190
185
185
185
184
182
181
180
179
179
179
179
177
177
177
177
176
176
176
175
173
171
169
167
167
165
164
163
162
161
160
158
156
156
154
154
154
151
144
142
140
139
138
138
137
137
136
134
134
133
132
132
132
131
128
128
128
127
126
125
124
123
121
121
121
119
119
119
118
116
114
113
112
112
112
112
111
110
108
108
105
104
103
102
102
102
101
101
100
98
97
97
95
94
87
85
85
85
85
85
82
82
80
79
79
79
78
77
75
75
75
70
69
66
65
65
65
64
62
62
62
58
57
57
56
56
54
53
51
50
50
50
49
48
47
47
46
45
44
44
42
41
40
38
36
35
34
34
33
32
30
30
30
27
27
26
25
24
24
23
22
21
20
17
16
16
15
15
13
12
10
8
8
8
8
7
6
4
4
4
0
0
0
