499
498
498
497
497
495
495
495
494
494
493
492
492
492
492
491
491
488
488
487
486
483
476
475
474
473
473
470
470
470
470
470
469
469
468
467
465
465
462
461
461
460
460
457
457
457
453
453
453
451
450
449
447
446
446
445
445
444
443
443
443
441
441
440
438
433
433
431
430
428
428
427
425
424
423
421
421
420
419
419
419
417
416
415
415
413
413
413
411
411
411
411
410
410
407
406
405
403
402
400
398
397
396
396
395
395
395
394
392
391
391
390
390
390
390
390
388
386
385
383
382
382
382
381
381
381
380
380
380
379
379
379
378
377
377
377
375
374
372
370
370
368
367
366
364
364
364
364
364
364
363
362
362
360
359
357
356
356
355
354
353
353
353
352
352
352
351
349
349
349
349
349
347
345
344
343
342
342
340
338
337
336
335
334
334
331
330
327
327
326
326
323
322
321
319
318
317
317
317
315
315
314
313
313
312
312
312
311
311
309
309
307
305
304
304
302
301
300
299
297
297
297
296
296
295
294
294
293
293
292
291
290
289
289
288
287
287
283
282
280
280
278
274
272
271
271
270
270
267
266
265
265
263
262
262
262
261
260
259
259
258
258
255
254
254
254
252
250
249
248
248
248
248
247
246
246
244
242
239
238
237
237
235
233
231
230
230
229
229
229
227
227
227
226
225
224
223
222
221
219
219
219
218
216
211
210
209
209
207
207
205
204
202
202
200
199
198
197
196
195
195
194
193
190
187
186
182
182
182
182
181
177
177
176
175
172
171
169
169
168
166
166
163
162
162
161
160
159
159
157
156
156
153
153
152
152
152
152
151
150
149
149
147
146
146
145
144
142
142
139
139
139
138
137
137
136
136
132
131
131
130
129
128
128
128
127
126
126
126
126
126
125
121
121
119
117
114
114
114
113
113
112
112
109
106
106
103
102
98
97
96
93
93
93
92
91
89
88
87
86
86
85
83
80
79
79
77
76
76
73
72
72
71
71
69
68
67
66
65
65
65
64
62
61
60
59
59
59
58
54
49
48
48
47
45
45
44
43
42
40
38
37
37
36
35
33
32
31
30
30
30
30
30
28
27
25
24
24
23
22
21
21
21
20
16
14
14
13
13
13
8
8
7
7
6
5
4
4
3
3
