0
1
1
2
4
7
8
8
9
9
12
13
15
15
17
17
17
19
19
20
20
20
21
26
27
28
29
29
29
30
31
35
36
37
37
38
39
40
40
40
41
43
43
47
48
49
50
50
50
50
54
55
55
59
60
60
61
61
62
62
63
63
64
65
67
69
69
69
71
72
72
73
73
73
75
76
81
81
82
83
83
85
85
90
90
92
94
95
101
101
103
103
103
105
106
107
109
109
112
112
113
114
114
114
114
117
117
117
118
118
118
119
119
120
121
121
122
125
126
131
133
133
135
136
137
137
137
137
140
140
141
142
143
144
145
147
147
149
149
153
153
153
157
159
159
160
161
161
161
161
161
162
162
163
165
167
167
169
169
170
172
173
174
176
179
182
182
184
184
185
187
187
188
188
188
191
191
191
193
195
197
198
198
201
201
203
204
204
204
204
204
205
208
211
211
211
213
213
213
214
215
215
215
217
219
219
221
222
222
224
226
226
228
229
230
230
230
230
231
232
233
236
236
237
238
238
238
242
242
243
244
244
244
244
245
249
249
251
251
253
253
255
256
256
257
259
260
260
260
261
261
262
263
267
267
267
269
269
269
269
269
269
270
271
273
273
273
275
276
276
277
277
279
279
282
282
282
283
284
285
287
288
288
289
289
290
292
292
292
293
296
296
296
297
299
299
302
302
304
304
304
304
305
306
306
307
310
310
314
321
322
325
328
329
329
329
333
334
335
336
337
338
340
341
342
342
342
344
345
345
346
346
347
349
351
351
351
352
359
361
363
363
363
364
364
365
366
367
368
369
369
371
371
372
372
373
374
375
375
381
381
384
384
385
386
388
389
391
391
391
392
393
393
395
396
396
397
398
399
401
401
402
402
402
403
403
403
404
404
405
405
407
407
408
409
409
412
413
413
414
415
415
415
416
416
418
418
419
420
421
422
422
423
423
423
424
425
425
426
426
426
426
428
429
429
432
432
433
434
435
436
436
437
439
439
440
440
442
443
445
446
448
448
449
450
451
453
455
455
455
455
455
456
458
460
460
461
462
464
465
466
467
468
468
468
469
469
469
469
469
474
475
475
476
476
477
478
478
479
480
481
482
482
483
484
485
486
488
488
488
488
489
489
489
489
491
493
494
495
495
