1
1
4
5
8
9
9
9
9
11
11
12
14
14
14
14
14
16
17
17
18
19
20
20
21
24
24
25
26
26
27
27
27
27
28
28
30
30
33
35
35
37
37
39
40
40
41
42
43
43
44
46
47
48
51
51
51
52
52
54
54
55
56
59
59
61
63
63
65
65
65
66
66
68
68
68
69
69
70
70
71
72
72
72
72
74
74
75
75
78
79
79
79
80
80
82
82
82
85
86
86
86
86
88
89
93
95
96
99
101
102
103
103
107
108
109
111
111
112
114
114
114
115
115
117
118
118
119
119
120
121
127
129
129
130
130
130
132
133
133
134
135
136
138
139
141
141
142
142
142
142
143
144
145
146
147
147
147
148
149
149
150
150
150
151
152
152
153
154
156
160
161
162
163
164
164
166
170
170
170
172
172
172
172
175
176
177
180
181
181
182
183
183
183
185
186
187
187
188
189
189
190
191
192
192
192
193
196
196
201
202
203
204
204
204
204
204
206
206
207
208
208
208
209
209
209
210
212
215
216
216
219
221
223
223
223
228
230
230
230
232
237
238
238
239
244
245
245
247
248
248
249
249
250
252
252
253
253
255
256
257
258
258
261
261
261
262
262
262
262
264
267
268
269
273
274
276
277
279
279
281
282
283
283
283
284
285
286
287
288
290
292
293
293
294
298
298
301
301
302
303
304
304
306
308
308
310
311
311
313
313
313
315
316
317
318
320
320
321
322
325
326
326
326
328
328
329
330
330
332
332
334
334
335
340
340
341
342
342
342
343
348
349
350
351
351
353
353
353
356
357
358
359
360
360
360
361
363
364
366
367
371
371
373
374
374
376
377
377
378
379
379
379
380
382
382
383
390
393
394
394
395
398
400
400
401
403
403
403
404
404
405
405
407
407
407
408
409
412
413
414
414
415
417
417
418
418
418
419
420
420
420
423
426
428
428
429
430
432
432
433
434
434
435
436
436
439
439
442
442
442
442
443
444
444
445
445
445
447
448
449
454
455
456
457
458
459
462
462
463
463
464
465
466
468
469
469
470
471
471
471
474
474
475
477
478
478
478
480
481
483
485
486
488
488
490
490
495
499
501
502
507
507
508
509
509
511
514
514
515
515
516
516
517
518
519
521
521
522
522
525
525
529
530
533
534
534
536
537
537
538
539
539
540
541
541
542
542
542
543
543
544
546
547
548
548
551
552
552
553
553
554
554
554
556
556
557
557
557
558
560
561
561
562
566
569
570
571
571
571
572
574
574
574
574
575
575
575
575
578
579
580
581
583
584
585
586
586
586
587
587
589
591
594
594
594
595
595
596
597
598
598
600
600
605
605
605
608
611
612
615
616
616
616
617
618
619
619
619
620
620
621
623
624
625
625
625
626
627
628
631
631
632
636
638
639
640
640
640
640
640
641
644
646
646
648
648
651
651
651
653
654
654
655
655
658
659
660
663
665
666
666
667
667
667
669
669
669
669
670
670
672
672
672
673
674
674
675
678
679
681
682
683
684
685
686
687
687
688
690
691
692
692
693
693
693
693
694
694
695
696
700
700
701
702
702
703
704
704
705
706
706
707
709
709
710
710
711
712
713
715
716
716
717
719
719
720
720
721
722
724
724
725
725
725
725
728
728
728
729
729
729
731
733
733
735
736
737
737
738
740
740
741
742
743
743
744
745
745
746
748
748
750
752
753
754
755
758
760
760
761
761
765
765
765
766
766
767
767
768
769
770
771
775
775
775
777
778
779
779
782
782
782
783
783
784
784
784
785
786
786
787
789
789
792
792
793
795
796
797
797
797
799
799
800
800
800
801
801
801
801
802
804
804
804
806
806
810
810
810
810
810
811
811
811
812
814
815
817
822
823
826
826
827
830
832
833
833
834
834
834
835
836
837
838
839
839
840
840
841
841
844
844
845
845
849
849
850
850
850
851
852
852
853
855
855
855
855
856
857
858
858
859
859
860
860
865
869
870
871
871
872
872
872
873
873
874
875
877
878
879
879
879
880
884
884
884
885
886
887
887
887
891
893
893
893
895
895
895
895
896
898
898
899
899
902
902
904
909
910
911
911
912
914
918
918
919
919
920
920
920
920
921
924
924
926
927
927
927
928
929
929
931
932
932
934
934
937
937
938
938
943
946
948
949
949
950
953
954
954
954
954
955
957
957
958
958
958
959
961
962
963
963
964
965
965
965
965
967
969
970
971
972
973
973
974
975
976
976
978
978
978
979
981
982
982
983
983
983
983
984
984
986
988
990
991
991
991
996
996
997
999
1000
1001
1003
1003
1003
1004
1005
1005
1005
1006
1008
1008
1009
1011
1011
1013
1014
1014
1014
1015
1016
1016
1016
1018
1018
1018
1019
1024
1024
1025
1025
1027
1029
1029
1030
1030
1030
1031
1032
1032
1034
1035
1036
1038
1039
1043
1044
1044
1045
1047
1047
1048
1048
1050
1051
1052
1053
1053
1054
1054
1055
1056
1059
1059
1062
1062
1064
1065
1067
1069
1069
1069
1069
1070
1071
1072
1075
1077
1077
1077
1079
1080
1082
1083
1084
1086
1086
1088
1089
1089
1090
1090
1091
1091
1093
1093
1094
1095
1099
1099
1100
1102
1105
1106
1107
1108
1109
1110
1111
1111
1112
1113
1113
1113
1113
1114
1114
1115
1117
1118
1118
1121
1121
1124
1124
1125
1126
1126
1127
1127
1128
1129
1130
1131
1133
1133
1136
1136
1136
1137
1137
1137
1138
1138
1139
1139
1142
1142
1142
1143
1144
1145
1146
1146
1147
1148
1149
1151
1151
1151
1152
1152
1154
1154
1158
1159
1161
1164
1165
1167
1167
1168
1169
1169
1169
1169
1169
1170
1170
1171
1173
1176
1178
1179
1180
1180
1180
1182
1183
1183
1184
1185
1185
1187
1187
1188
1188
1188
1189
1189
1191
1191
1193
1195
1195
1197
1197
1198
1199
1199
1200
1201
1202
1202
1202
1204
1204
1204
1204
1205
1205
1207
1207
1208
1209
1211
1212
1214
1214
1216
1216
1217
1218
1220
1221
1222
1222
1223
1224
1224
1225
1230
1232
1232
1233
1235
1237
1238
1240
1240
1241
1243
1243
1243
1243
1245
1247
1247
1248
1249
1249
1249
1251
1251
1251
1256
1257
1257
1257
1258
1258
1259
1259
1259
1260
1260
1260
1260
1260
1261
1261
1264
1266
1266
1267
1267
1267
1268
1269
1275
1278
1278
1278
1279
1279
1279
1282
1283
1283
1283
1284
1288
1289
1289
1290
1290
1290
1291
1291
1292
1292
1294
1294
1296
1297
1299
1300
1305
1306
1307
1307
1309
1310
1312
1312
1313
1314
1315
1317
1319
1321
1321
1322
1322
1324
1324
1325
1325
1326
1329
1330
1331
1331
1333
1333
1334
1334
1335
1336
1336
1337
1338
1339
1344
1344
1346
1346
1347
1347
1347
1349
1350
1351
1351
1351
1351
1352
1352
1354
1357
1358
1359
1364
1364
1368
1369
1369
1370
1371
1372
1372
1372
1373
1374
1374
1375
1376
1378
1379
1379
1380
1382
1382
1382
1384
1385
1386
1386
1388
1388
1389
1389
1390
1391
1392
1392
1393
1393
1396
1397
1397
1398
1399
1400
1400
1400
1401
1402
1402
1403
1403
1405
1406
1407
1407
1409
1409
1411
1412
1412
1413
1414
1414
1414
1415
1417
1418
1419
1419
1419
1421
1421
1423
1427
1428
1429
1430
1432
1433
1434
1435
1436
1436
1439
1439
1440
1441
1441
1442
1442
1444
1444
1445
1446
1447
1447
1448
1448
1453
1453
1453
1455
1458
1460
1462
1464
1464
1464
1464
1466
1466
1466
1467
1469
1470
1472
1474
1474
1475
1476
1476
1477
1481
1481
1481
1481
1482
1483
1485
1485
1485
1485
1486
1486
1487
1488
1489
1490
1491
1491
1492
1493
1495
1496
1496
1497
1499
1499
1499
1500
1500
1500
1501
1501
1503
1503
1503
1505
1505
1506
1508
1509
1509
1509
1511
1511
1512
1516
1517
1521
1522
1522
1523
1524
1525
1526
1526
1527
1527
1527
1528
1529
1529
1531
1535
1535
1535
1536
1537
1538
1538
1538
1539
1539
1540
1541
1542
1542
1542
1543
1544
1545
1545
1546
1551
1552
1554
1555
1555
1557
1559
1560
1561
1565
1566
1566
1566
1566
1568
1569
1569
1570
1571
1574
1575
1578
1578
1580
1581
1581
1582
1583
1583
1584
1585
1587
1587
1588
1589
1589
1591
1594
1595
1595
1595
1596
1596
1597
1598
1600
1600
1600
1601
1601
1601
1601
1603
1604
1609
1610
1610
1610
1610
1614
1615
1617
1618
1619
1621
1621
1622
1622
1622
1623
1624
1624
1625
1626
1626
1628
1629
1632
1632
1632
1633
1638
1639
1639
1640
1640
1641
1644
1646
1647
1649
1649
1650
1650
1651
1653
1655
1655
1656
1657
1657
1657
1660
1661
1662
1662
1663
1665
1666
1667
1668
1669
1669
1670
1670
1670
1671
1672
1672
1673
1673
1674
1676
1677
1679
1680
1680
1681
1683
1687
1688
1688
1688
1689
1690
1691
1692
1692
1696
1696
1696
1697
1698
1699
1699
1701
1701
1701
1702
1703
1705
1710
1712
1712
1714
1715
1715
1715
1716
1716
1717
1719
1723
1723
1724
1724
1725
1725
1726
1728
1729
1730
1730
1730
1734
1735
1736
1737
1738
1738
1739
1740
1740
1741
1741
1742
1742
1745
1747
1747
1748
1749
1749
1749
1750
1750
1755
1756
1758
1759
1762
1763
1765
1765
1765
1765
1766
1767
1767
1768
1770
1770
1772
1772
1773
1774
1776
1777
1777
1778
1778
1779
1779
1781
1781
1782
1782
1783
1784
1787
1788
1789
1790
1790
1790
1790
1791
1792
1792
1792
1793
1793
1795
1796
1796
1797
1797
1798
1798
1800
1801
1801
1801
1802
1802
1803
1804
1806
1806
1807
1807
1808
1809
1811
1811
1812
1812
1813
1813
1814
1814
1819
1820
1820
1820
1821
1822
1822
1822
1824
1825
1826
1826
1827
1828
1829
1829
1830
1830
1830
1830
1832
1835
1835
1836
1836
1836
1836
1837
1838
1839
1840
1845
1846
1848
1848
1852
1853
1854
1854
1855
1855
1856
1856
1857
1857
1858
1861
1865
1865
1866
1867
1870
1871
1871
1871
1872
1873
1874
1877
1877
1878
1879
1880
1881
1881
1882
1883
1883
1884
1885
1885
1887
1887
1889
1889
1889
1889
1893
1893
1894
1894
1895
1895
1895
1895
1898
1898
1898
1898
1899
1899
1899
1901
1901
1902
1903
1904
1905
1906
1908
1908
1909
1909
1910
1911
1915
1920
1920
1920
1922
1923
1923
1923
1924
1925
1925
1927
1927
1929
1929
1929
1930
1931
1931
1932
1933
1933
1935
1935
1937
1938
1938
1941
1942
1942
1942
1943
1943
1943
1943
1944
1944
1946
1946
1949
1949
1953
1953
1956
1957
1957
1958
1959
1959
1960
1962
1963
1963
1965
1966
1968
1970
1971
1972
1973
1974
1974
1975
1975
1975
1976
1976
1978
1978
1980
1982
1982
1983
1984
1984
1985
1985
1988
1989
1989
1992
1992
1992
1992
1993
1994
1994
1995
1996
1996
1997
1998
1998
1999
2002
2006
2008
2009
2010
2010
2010
2012
2015
2015
2015
2016
2016
2017
2019
2019
2020
2020
2020
2023
2024
2024
2024
2025
2026
2026
2027
2028
2029
2030
2031
2031
2031
2034
2035
2036
2037
2037
2038
2038
2039
2039
2040
2041
2041
2042
2042
2044
2046
2049
2050
2050
2050
2051
2052
2052
2053
2054
2055
2056
2057
2059
2061
2063
2065
2065
2066
2068
2070
2072
2073
2074
2076
2076
2076
2078
2079
2081
2082
2084
2085
2085
2086
2087
2088
2088
2088
2089
2091
2092
2092
2094
2095
2095
2097
2097
2097
2099
2102
2104
2105
2105
2105
2106
2108
2108
2109
2110
2111
2111
2113
2113
2115
2116
2116
2117
2119
2121
2121
2121
2123
2125
2125
2125
2126
2127
2127
2128
2130
2130
2131
2131
2132
2132
2133
2134
2134
2135
2138
2139
2143
2143
2145
2145
2145
2146
2146
2147
2150
2150
2151
2154
2155
2155
2157
2159
2159
2161
2161
2161
2162
2162
2163
2164
2164
2165
2165
2166
2166
2166
2167
2167
2170
2171
2173
2173
2174
2174
2178
2180
2183
2185
2185
2187
2189
2190
2190
2192
2193
2194
2195
2195
2196
2197
2197
2199
2200
2200
2201
2201
2203
2203
2204
2204
2204
2205
2207
2208
2209
2209
2210
2210
2210
2212
2213
2213
2213
2214
2214
2214
2215
2215
2218
2218
2219
2220
2220
2220
2221
2221
2221
2222
2224
2226
2227
2229
2230
2230
2231
2233
2235
2236
2236
2236
2236
2237
2237
2238
2238
2240
2242
2243
2243
2244
2248
2249
2250
2250
2252
2252
2253
2255
2255
2256
2260
2261
2261
2262
2265
2267
2269
2271
2272
2277
2277
2280
2280
2281
2283
2284
2284
2285
2286
2288
2288
2289
2290
2292
2292
2293
2295
2298
2298
2298
2301
2306
2306
2306
2307
2310
2313
2315
2315
2315
2315
2317
2319
2319
2320
2320
2322
2322
2323
2324
2325
2326
2327
2328
2329
2329
2330
2331
2331
2331
2331
2332
2334
2335
2335
2335
2338
2338
2339
2340
2341
2343
2345
2346
2347
2347
2347
2348
2348
2348
2349
2351
2353
2353
2355
2355
2356
2361
2361
2362
2363
2364
2364
2367
2367
2367
2368
2368
2370
2370
2371
2373
2374
2374
2375
2376
2376
2376
2377
2377
2379
2379
2380
2381
2381
2382
2383
2383
2384
2385
2385
2388
2388
2394
2394
2394
2396
2396
2398
2403
2404
2407
2408
2408
2409
2409
2410
2410
2411
2417
2417
2418
2419
2421
2421
2423
2423
2424
2425
2425
2426
2426
2426
2428
2428
2430
2431
2433
2435
2442
2442
2444
2444
2445
2446
2447
2449
2449
2450
2450
2451
2453
2454
2454
2454
2454
2455
2455
2456
2457
2461
2462
2462
2462
2463
2464
2465
2468
2468
2470
2471
2472
2473
2473
2473
2475
2475
2477
2478
2478
2479
2479
2480
2480
2481
2481
2482
2484
2484
2485
2487
2488
2489
2490
2491
2493
2497
2500
2503
2503
2504
2506
2507
2510
2511
2513
2513
2514
2514
2515
2515
2516
2517
2518
2519
2521
2522
2522
2523
2523
2525
2525
2527
2527
2529
2529
2530
2532
2537
2537
2537
2538
2538
2539
2540
2541
2541
2542
2543
2543
2543
2545
2547
2547
2548
2551
2551
2552
2552
2553
2553
2553
2554
2554
2554
2555
2556
2556
2559
2559
2559
2561
2561
2562
2564
2564
2567
2568
2569
2569
2570
2570
2571
2571
2572
2572
2573
2574
2576
2576
2579
2581
2581
2582
2582
2583
2583
2583
2585
2585
2586
2587
2591
2592
2594
2594
2594
2594
2597
2597
2597
2598
2601
2602
2605
2606
2606
2606
2607
2607
2609
2609
2609
2611
2612
2613
2615
2615
2616
2616
2620
2621
2622
2623
2623
2624
2627
2627
2631
2631
2633
2633
2635
2635
2637
2638
2638
2639
2640
2640
2640
2642
2642
2643
2644
2645
2647
2648
2649
2650
2650
2652
2652
2654
2654
2658
2659
2660
2661
2661
2661
2661
2661
2663
2664
2665
2665
2666
2666
2666
2667
2669
2670
2671
2672
2673
2675
2675
2676
2676
2678
2679
2679
2679
2682
2683
2684
2686
2686
2686
2688
2690
2692
2694
2701
2702
2704
2704
2705
2705
2706
2707
2708
2709
2710
2711
2711
2712
2713
2713
2713
2714
2714
2714
2714
2714
2716
2716
2716
2717
2717
2719
2721
2723
2724
2725
2725
2727
2729
2730
2730
2730
2731
2733
2734
2734
2735
2736
2737
2738
2739
2741
2743
2743
2743
2743
2744
2745
2745
2746
2746
2748
2749
2749
2749
2750
2750
2751
2753
2754
2755
2755
2756
2756
2756
2757
2757
2758
2758
2758
2760
2760
2760
2761
2761
2762
2763
2763
2764
2765
2765
2766
2767
2769
2770
2772
2775
2777
2780
2780
2781
2786
2786
2787
2787
2787
2788
2789
2790
2790
2791
2792
2792
2793
2793
2793
2796
2798
2798
2798
2800
2800
2802
2803
2803
2805
2805
2805
2806
2807
2812
2812
2812
2814
2814
2816
2817
2820
2820
2820
2821
2823
2823
2825
2825
2825
2826
2826
2826
2826
2827
2827
2827
2828
2829
2829
2831
2834
2834
2835
2836
2836
2836
2839
2840
2841
2842
2844
2844
2844
2845
2845
2846
2847
2847
2847
2849
2849
2850
2851
2852
2852
2853
2853
2854
2854
2854
2855
2855
2856
2856
2857
2857
2858
2858
2858
2858
2859
2860
2862
2862
2863
2863
2863
2864
2865
2865
2872
2872
2873
2874
2874
2874
2876
2876
2876
2876
2877
2878
2878
2878
2878
2880
2880
2881
2882
2882
2885
2886
2887
2888
2889
2893
2894
2896
2900
2903
2904
2906
2907
2908
2908
2908
2909
2910
2911
2912
2913
2913
2913
2913
2915
2919
2920
2920
2922
2923
2923
2924
2925
2926
2926
2926
2927
2927
2927
2930
2930
2931
2931
2932
2935
2942
2942
2942
2942
2945
2950
2951
2954
2954
2956
2957
2957
2957
2958
2958
2958
2963
2963
2963
2966
2967
2968
2969
2973
2974
2974
2975
2975
2975
2979
2979
2981
2981
2982
2983
2983
2983
2983
2984
2985
2985
2987
2987
2988
2989
2989
2991
2992
2994
2994
2995
2998
2998
2998
2998
3000
3000
3004
3005
3005
3005
3005
3005
3007
3007
3008
3009
3010
3010
3012
3013
3013
3014
3015
3015
3015
3016
3016
3017
3018
3018
3020
3022
3023
3023
3023
3027
3029
3030
3030
3031
3033
3034
3036
3037
3038
3039
3039
3039
3039
3041
3043
3043
3045
3046
3047
3047
3049
3049
3053
3056
3057
3058
3059
3060
3061
3062
3063
3064
3066
3066
3069
3070
3070
3074
3076
3078
3079
3081
3081
3083
3084
3086
3086
3087
3088
3089
3090
3094
3095
3095
3096
3097
3098
3098
3099
3099
3100
3100
3101
3102
3103
3104
3105
3105
3106
3107
3109
3110
3113
3114
3114
3115
3115
3115
3117
3118
3119
3119
3120
3120
3120
3122
3123
3125
3125
3125
3125
3126
3128
3128
3130
3133
3134
3135
3137
3137
3139
3140
3141
3141
3141
3143
3144
3145
3147
3147
3148
3149
3150
3150
3152
3153
3156
3156
3157
3157
3161
3161
3161
3161
3163
3163
3163
3166
3167
3167
3167
3169
3171
3172
3172
3173
3173
3173
3173
3174
3176
3176
3177
3178
3178
3180
3180
3180
3181
3184
3184
3186
3190
3191
3191
3195
3196
3196
3196
3200
3201
3202
3202
3203
3203
3204
3206
3210
3210
3211
3214
3215
3216
3216
3219
3219
3220
3220
3222
3223
3225
3225
3228
3228
3229
3230
3230
3231
3232
3233
3234
3235
3235
3238
3238
3238
3238
3239
3239
3240
3240
3242
3243
3245
3246
3246
3246
3248
3248
3248
3248
3251
3253
3254
3257
3257
3257
3258
3258
3259
3259
3261
3261
3261
3265
3265
3267
3268
3270
3270
3270
3273
3275
3279
3279
3281
3281
3282
3283
3284
3284
3284
3285
3285
3286
3288
3288
3289
3290
3290
3291
3291
3293
3294
3295
3296
3297
3298
3300
3300
3300
3301
3301
3304
3305
3306
3307
3307
3308
3308
3308
3312
3314
3316
3316
3317
3318
3318
3318
3321
3321
3323
3323
3324
3324
3324
3326
3326
3328
3328
3329
3332
3335
3335
3337
3339
3339
3341
3343
3343
3344
3345
3347
3348
3350
3351
3353
3355
3355
3357
3359
3359
3359
3360
3363
3364
3365
3366
3366
3367
3368
3373
3374
3375
3375
3376
3376
3378
3379
3379
3382
3382
3383
3384
3385
3386
3387
3387
3391
3392
3392
3392
3392
3395
3396
3397
3399
3402
3406
3408
3410
3412
3413
3413
3413
3416
3416
3416
3416
3419
3421
3423
3424
3424
3424
3424
3426
3426
3426
3426
3428
3429
3431
3431
3433
3433
3435
3437
3439
3440
3440
3440
3440
3440
3441
3442
3443
3443
3446
3449
3451
3451
3452
3453
3453
3454
3457
3459
3460
3460
3461
3462
3463
3464
3465
3467
3471
3473
3473
3475
3475
3475
3476
3477
3478
3480
3482
3482
3483
3485
3486
3486
3488
3488
3490
3491
3491
3492
3493
3494
3494
3495
3495
3495
3495
3496
3499
3500
3501
3501
3501
3503
3505
3507
3507
3508
3509
3510
3510
3510
3510
3511
3513
3513
3513
3514
3517
3517
3519
3520
3520
3521
3523
3523
3524
3527
3528
3529
3531
3531
3532
3533
3536
3536
3540
3540
3541
3543
3543
3544
3545
3547
3548
3548
3549
3549
3550
3550
3551
3553
3553
3554
3554
3555
3555
3556
3557
3559
3559
3560
3560
3560
3561
3563
3565
3565
3566
3566
3569
3570
3570
3571
3571
3572
3576
3579
3580
3581
3581
3583
3585
3585
3589
3589
3591
3595
3597
3597
3598
3598
3599
3600
3601
3601
3602
3603
3603
3604
3604
3604
3604
3605
3605
3606
3606
3607
3609
3610
3611
3612
3613
3618
3620
3620
3620
3620
3621
3622
3623
3624
3624
3625
3628
3628
3629
3631
3633
3634
3636
3646
3646
3646
3647
3648
3650
3653
3654
3654
3656
3658
3658
3659
3659
3660
3663
3663
3664
3665
3665
3666
3666
3667
3669
3670
3670
3670
3670
3670
3671
3672
3674
3676
3677
3677
3680
3681
3682
3682
3686
3686
3686
3686
3687
3689
3692
3693
3694
3694
3695
3695
3696
3697
3697
3698
3698
3700
3700
3701
3703
3703
3704
3704
3705
3705
3707
3709
3711
3712
3713
3714
3714
3716
3716
3717
3719
3720
3720
3721
3721
3723
3723
3725
3725
3726
3726
3726
3726
3727
3727
3730
3731
3731
3731
3734
3734
3735
3735
3736
3737
3738
3739
3742
3745
3746
3746
3747
3748
3750
3752
3753
3753
3757
3758
3758
3760
3763
3763
3764
3764
3767
3767
3770
3771
3771
3777
3779
3780
3782
3782
3783
3783
3784
3784
3785
3787
3788
3789
3789
3790
3790
3791
3792
3792
3793
3795
3795
3796
3796
3797
3797
3799
3802
3804
3805
3806
3807
3807
3808
3809
3810
3811
3813
3813
3813
3814
3814
3816
3816
3818
3818
3819
3820
3821
3821
3821
3823
3823
3823
3824
3825
3825
3827
3828
3829
3829
3830
3830
3831
3832
3833
3833
3834
3835
3835
3836
3837
3838
3839
3840
3841
3842
3842
3844
3844
3845
3845
3847
3847
3847
3848
3850
3850
3851
3852
3853
3853
3856
3856
3856
3859
3860
3861
3861
3862
3862
3863
3863
3863
3863
3864
3865
3866
3866
3868
3868
3871
3872
3872
3873
3874
3875
3877
3877
3878
3878
3879
3881
3881
3882
3882
3882
3882
3883
3884
3884
3885
3885
3886
3886
3887
3888
3889
3890
3891
3892
3892
3892
3893
3896
3896
3897
3902
3905
3906
3906
3907
3907
3909
3912
3912
3913
3915
3915
3916
3916
3920
3922
3922
3923
3924
3925
3926
3927
3930
3930
3930
3931
3931
3932
3932
3934
3935
3936
3937
3937
3938
3939
3939
3939
3940
3940
3941
3942
3945
3945
3946
3947
3947
3947
3949
3950
3951
3952
3954
3954
3956
3957
3962
3962
3963
3963
3965
3965
3965
3966
3966
3968
3968
3968
3969
3969
3970
3970
3971
3973
3974
3974
3975
3975
3975
3975
3976
3978
3978
3978
3979
3980
3982
3982
3982
3983
3984
3985
3985
3987
3988
3988
3989
3990
3991
3991
3992
3993
3994
3994
4001
4002
4002
4004
4006
4007
4008
4008
4009
4011
4011
4012
4015
4016
4018
4018
4020
4021
4022
4025
4025
4027
4029
4030
4030
4031
4032
4032
4033
4035
4036
4038
4039
4039
4048
4048
4049
4050
4052
4054
4054
4056
4057
4058
4060
4061
4061
4064
4065
4065
4066
4067
4070
4070
4071
4071
4072
4072
4073
4074
4074
4077
4077
4078
4079
4081
4081
4083
4083
4083
4083
4083
4084
4084
4085
4085
4086
4087
4087
4089
4091
4092
4092
4092
4092
4092
4094
4094
4096
4097
4097
4098
4099
4099
4100
4100
4101
4101
4101
4102
4104
4106
4108
4109
4109
4111
4111
4112
4113
4116
4116
4116
4117
4120
4121
4121
4121
4123
4124
4124
4124
4125
4125
4125
4126
4129
4131
4132
4132
4133
4133
4134
4136
4136
4139
4140
4140
4141
4141
4142
4142
4143
4144
4146
4146
4147
4147
4150
4152
4153
4153
4153
4154
4155
4155
4157
4160
4160
4160
4163
4164
4166
4166
4166
4166
4167
4169
4170
4171
4172
4173
4174
4175
4176
4177
4180
4182
4185
4185
4186
4189
4189
4190
4191
4192
4192
4194
4194
4198
4199
4200
4200
4201
4202
4203
4203
4205
4206
4206
4209
4211
4212
4213
4213
4214
4215
4216
4217
4217
4217
4218
4219
4219
4220
4223
4223
4223
4225
4226
4227
4228
4228
4232
4234
4234
4236
4236
4239
4239
4240
4240
4240
4241
4241
4242
4242
4242
4243
4244
4245
4246
4246
4246
4247
4248
4249
4249
4249
4250
4251
4252
4252
4252
4256
4256
4258
4260
4260
4263
4263
4263
4264
4265
4266
4267
4268
4268
4268
4269
4272
4272
4273
4273
4275
4278
4279
4280
4281
4283
4283
4287
4287
4288
4288
4290
4290
4290
4290
4290
4291
4291
4292
4294
4295
4295
4295
4295
4296
4299
4299
4299
4303
4305
4305
4305
4306
4307
4307
4308
4310
4312
4312
4313
4315
4318
4320
4320
4321
4322
4325
4329
4331
4332
4333
4334
4334
4335
4337
4337
4337
4339
4340
4340
4341
4341
4341
4343
4343
4344
4344
4344
4344
4346
4347
4347
4351
4351
4352
4352
4356
4356
4357
4357
4360
4362
4363
4368
4368
4372
4372
4373
4373
4373
4377
4378
4378
4378
4379
4380
4380
4380
4381
4382
4382
4382
4383
4384
4384
4386
4389
4390
4390
4390
4390
4392
4393
4393
4394
4396
4396
4398
4399
4401
4403
4403
4403
4403
4405
4408
4409
4411
4412
4413
4416
4416
4416
4417
4418
4419
4419
4420
4421
4421
4422
4424
4424
4425
4426
4427
4427
4429
4429
4430
4432
4432
4433
4434
4437
4437
4437
4439
4443
4444
4445
4445
4446
4446
4447
4448
4449
4449
4450
4451
4452
4452
4453
4457
4459
4460
4462
4465
4466
4467
4467
4468
4469
4471
4474
4475
4475
4475
4476
4477
4477
4479
4482
4482
4483
4484
4486
4487
4487
4488
4489
4489
4490
4490
4492
4492
4495
4496
4498
4498
4499
4499
4501
4501
4501
4502
4503
4503
4504
4506
4506
4507
4508
4510
4511
4511
4512
4514
4516
4516
4518
4519
4521
4522
4523
4527
4527
4528
4529
4529
4532
4532
4533
4534
4534
4535
4536
4540
4540
4542
4543
4546
4546
4547
4547
4547
4549
4549
4550
4550
4551
4551
4554
4554
4554
4555
4555
4557
4557
4558
4558
4559
4559
4559
4559
4560
4560
4560
4560
4560
4561
4561
4561
4563
4564
4564
4564
4565
4565
4566
4567
4569
4570
4571
4572
4572
4573
4574
4575
4576
4576
4576
4576
4578
4578
4579
4580
4581
4584
4584
4585
4585
4586
4587
4587
4587
4588
4589
4589
4591
4592
4592
4593
4593
4594
4595
4595
4597
4598
4599
4601
4601
4602
4605
4607
4608
4608
4611
4612
4613
4614
4614
4614
4614
4618
4618
4619
4620
4620
4621
4621
4622
4622
4622
4623
4625
4626
4627
4630
4630
4631
4631
4632
4632
4632
4633
4633
4634
4634
4635
4635
4636
4638
4641
4641
4645
4645
4646
4646
4647
4649
4650
4650
4652
4652
4653
4653
4653
4655
4655
4656
4658
4659
4660
4662
4663
4665
4667
4667
4668
4672
4674
4676
4678
4678
4679
4680
4682
4683
4683
4686
4686
4688
4688
4688
4689
4689
4691
4695
4696
4697
4700
4700
4700
4701
4703
4703
4704
4705
4705
4706
4707
4708
4708
4708
4711
4711
4711
4712
4716
4716
4717
4717
4718
4719
4719
4720
4721
4722
4723
4726
4728
4730
4730
4731
4733
4733
4734
4735
4736
4739
4741
4743
4743
4744
4744
4745
4745
4747
4748
4748
4748
4749
4750
4750
4751
4751
4752
4753
4755
4755
4756
4757
4760
4760
4760
4760
4761
4762
4770
4773
4774
4774
4779
4779
4781
4782
4788
4788
4792
4792
4793
4793
4795
4797
4798
4798
4800
4800
4802
4805
4805
4806
4807
4807
4808
4810
4812
4813
4814
4818
4819
4819
4820
4820
4822
4830
4830
4831
4833
4833
4834
4834
4834
4834
4836
4837
4837
4837
4837
4837
4838
4839
4839
4840
4841
4841
4842
4847
4848
4850
4852
4854
4856
4856
4856
4858
4858
4859
4862
4863
4863
4863
4864
4868
4869
4869
4872
4872
4873
4873
4874
4875
4875
4875
4876
4876
4877
4879
4882
4882
4883
4884
4885
4885
4885
4886
4888
4888
4889
4889
4890
4890
4892
4895
4895
4896
4898
4898
4900
4901
4903
4904
4905
4905
4905
4906
4907
4909
4911
4912
4913
4913
4916
4916
4918
4919
4920
4920
4921
4921
4923
4923
4924
4924
4926
4926
4926
4926
4928
4929
4929
4930
4933
4933
4933
4933
4934
4934
4935
4935
4935
4939
4944
4948
4949
4951
4952
4952
4953
4953
4956
4956
4957
4957
4958
4959
4960
4961
4961
4962
4963
4963
4968
4969
4969
4969
4969
4969
4970
4970
4970
4971
4971
4971
4973
4973
4973
4975
4975
4976
4976
4977
4982
4982
4983
4983
4984
4985
4986
4987
4988
4990
4992
4993
4994
4994
4995
4997
4997
4998
4998
4998
